1 0
1 1
1 2
1 3
2 2
1 5
2 3
1 7
2 4
3 3
2 5
1 11
2 6
1 13
2 7
3 5
2 8
1 17
2 9
1 19
2 10
3 7
2 11
1 23
2 12
5 5
2 13
3 9
2 14
1 29
2 15
1 31
2 16
3 11
2 17
5 7
2 18
1 37
2 19
3 13
2 20
1 41
2 21
1 43
2 22
3 15
2 23
1 47
2 24
7 7
2 25
3 17
2 26
1 53
2 27
5 11
2 28
3 19
2 29
1 59
2 30
1 61
2 31
3 21
2 32
5 13
2 33
1 67
2 34
3 23
2 35
1 71
2 36
1 73
2 37
3 25
2 38
7 11
2 39
1 79
2 40
3 27
2 41
1 83
2 42
5 17
2 43
3 29
2 44
1 89
2 45
7 13
2 46
3 31
2 47
5 19
2 48
1 97
2 49
3 33
2 50
1 101
2 51
1 103
2 52
3 35
2 53
1 107
2 54
1 109
2 55
3 37
2 56
1 113
2 57
5 23
2 58
3 39
2 59
7 17
2 60
11 11
2 61
3 41
2 62
5 25
2 63
1 127
2 64
3 43
2 65
1 131
2 66
7 19
2 67
3 45
2 68
1 137
2 69
1 139
2 70
3 47
2 71
11 13
2 72
5 29
2 73
3 49
2 74
1 149
2 75
1 151
2 76
3 51
2 77
5 31
2 78
1 157
2 79
3 53
2 80
7 23
2 81
1 163
2 82
3 55
2 83
1 167
2 84
13 13
2 85
3 57
2 86
1 173
2 87
5 35
2 88
3 59
2 89
1 179
2 90
1 181
2 91
3 61
2 92
5 37
2 93
11 17
2 94
3 63
2 95
1 191
2 96
1 193
2 97
3 65
2 98
1 197
2 99
1 199
2 100
3 67
2 101
7 29
2 102
5 41
2 103
3 69
2 104
11 19
2 105
1 211
2 106
3 71
2 107
5 43
2 108
7 31
2 109
3 73
2 110
13 17
2 111
1 223
2 112
3 75
2 113
1 227
2 114
1 229
2 115
3 77
2 116
1 233
2 117
5 47
2 118
3 79
2 119
1 239
2 120
1 241
2 121
3 81
2 122
5 49
2 123
13 19
2 124
3 83
2 125
1 251
2 126
11 23
2 127
3 85
2 128
1 257
2 129
7 37
2 130
3 87
2 131
1 263
2 132
5 53
2 133
3 89
2 134
1 269
2 135
1 271
2 136
3 91
2 137
5 55
2 138
1 277
2 139
3 93
2 140
1 281
2 141
1 283
2 142
3 95
2 143
7 41
2 144
17 17
2 145
3 97
2 146
1 293
2 147
5 59
2 148
3 99
2 149
13 23
2 150
7 43
2 151
3 101
2 152
5 61
2 153
1 307
2 154
3 103
2 155
1 311
2 156
1 313
2 157
3 105
2 158
1 317
2 159
11 29
2 160
3 107
2 161
17 19
2 162
5 65
2 163
3 109
2 164
7 47
2 165
1 331
2 166
3 111
2 167
5 67
2 168
1 337
2 169
3 113
2 170
11 31
2 171
7 49
2 172
3 115
2 173
1 347
2 174
1 349
2 175
3 117
2 176
1 353
2 177
5 71
2 178
3 119
2 179
1 359
2 180
19 19
2 181
3 121
2 182
5 73
2 183
1 367
2 184
3 123
2 185
7 53
2 186
1 373
2 187
3 125
2 188
13 29
2 189
1 379
2 190
3 127
2 191
1 383
2 192
5 77
2 193
3 129
2 194
1 389
2 195
17 23
2 196
3 131
2 197
5 79
2 198
1 397
2 199
3 133
2 200
1 401
2 201
13 31
2 202
3 135
2 203
11 37
2 204
1 409
2 205
3 137
2 206
7 59
2 207
5 83
2 208
3 139
2 209
1 419
2 210
1 421
2 211
3 141
2 212
5 85
2 213
7 61
2 214
3 143
2 215
1 431
2 216
1 433
2 217
3 145
2 218
19 23
2 219
1 439
2 220
3 147
2 221
1 443
2 222
5 89
2 223
3 149
2 224
1 449
2 225
11 41
2 226
3 151
2 227
5 91
2 228
1 457
2 229
3 153
2 230
1 461
2 231
1 463
2 232
3 155
2 233
1 467
2 234
7 67
2 235
3 157
2 236
11 43
2 237
5 95
2 238
3 159
2 239
1 479
2 240
13 37
2 241
3 161
2 242
5 97
2 243
1 487
2 244
3 163
2 245
1 491
2 246
17 29
2 247
3 165
2 248
7 71
2 249
1 499
2 250
3 167
2 251
1 503
2 252
5 101
2 253
3 169
2 254
1 509
2 255
7 73
2 256
3 171
2 257
5 103
2 258
11 47
2 259
3 173
2 260
1 521
2 261
1 523
2 262
3 175
2 263
17 31
2 264
23 23
2 265
3 177
2 266
13 41
2 267
5 107
2 268
3 179
2 269
7 77
2 270
1 541
2 271
3 181
2 272
5 109
2 273
1 547
2 274
3 183
2 275
19 29
2 276
7 79
2 277
3 185
2 278
1 557
2 279
13 43
2 280
3 187
2 281
1 563
2 282
5 113
2 283
3 189
2 284
1 569
2 285
1 571
2 286
3 191
2 287
5 115
2 288
1 577
2 289
3 193
2 290
7 83
2 291
11 53
2 292
3 195
2 293
1 587
2 294
19 31
2 295
3 197
2 296
1 593
2 297
5 119
2 298
3 199
2 299
1 599
2 300
1 601
2 301
3 201
2 302
5 121
2 303
1 607
2 304
3 203
2 305
13 47
2 306
1 613
2 307
3 205
2 308
1 617
2 309
1 619
2 310
3 207
2 311
7 89
2 312
5 125
2 313
3 209
2 314
17 37
2 315
1 631
2 316
3 211
2 317
5 127
2 318
7 91
2 319
3 213
2 320
1 641
2 321
1 643
2 322
3 215
2 323
1 647
2 324
11 59
2 325
3 217
2 326
1 653
2 327
5 131
2 328
3 219
2 329
1 659
2 330
1 661
2 331
3 221
2 332
5 133
2 333
23 29
2 334
3 223
2 335
11 61
2 336
1 673
2 337
3 225
2 338
1 677
2 339
7 97
2 340
3 227
2 341
1 683
2 342
5 137
2 343
3 229
2 344
13 53
2 345
1 691
2 346
3 231
2 347
5 139
2 348
17 41
2 349
3 233
2 350
1 701
2 351
19 37
2 352
3 235
2 353
7 101
2 354
1 709
2 355
3 237
2 356
23 31
2 357
5 143
2 358
3 239
2 359
1 719
2 360
7 103
2 361
3 241
2 362
5 145
2 363
1 727
2 364
3 243
2 365
17 43
2 366
1 733
2 367
3 245
2 368
11 67
2 369
1 739
2 370
3 247
2 371
1 743
2 372
5 149
2 373
3 249
2 374
7 107
2 375
1 751
2 376
3 251
2 377
5 151
2 378
1 757
2 379
3 253
2 380
1 761
2 381
7 109
2 382
3 255
2 383
13 59
2 384
1 769
2 385
3 257
2 386
1 773
2 387
5 155
2 388
3 259
2 389
19 41
2 390
11 71
2 391
3 261
2 392
5 157
2 393
1 787
2 394
3 263
2 395
7 113
2 396
13 61
2 397
3 265
2 398
1 797
2 399
17 47
2 400
3 267
2 401
11 73
2 402
5 161
2 403
3 269
2 404
1 809
2 405
1 811
2 406
3 271
2 407
5 163
2 408
19 43
2 409
3 273
2 410
1 821
2 411
1 823
2 412
3 275
2 413
1 827
2 414
1 829
2 415
3 277
2 416
7 119
2 417
5 167
2 418
3 279
2 419
1 839
2 420
29 29
2 421
3 281
2 422
5 169
2 423
7 121
2 424
3 283
2 425
23 37
2 426
1 853
2 427
3 285
2 428
1 857
2 429
1 859
2 430
3 287
2 431
1 863
2 432
5 173
2 433
3 289
2 434
11 79
2 435
13 67
2 436
3 291
2 437
5 175
2 438
1 877
2 439
3 293
2 440
1 881
2 441
1 883
2 442
3 295
2 443
1 887
2 444
7 127
2 445
3 297
2 446
19 47
2 447
5 179
2 448
3 299
2 449
29 31
2 450
17 53
2 451
3 301
2 452
5 181
2 453
1 907
2 454
3 303
2 455
1 911
2 456
11 83
2 457
3 305
2 458
7 131
2 459
1 919
2 460
3 307
2 461
13 71
2 462
5 185
2 463
3 309
2 464
1 929
2 465
7 133
2 466
3 311
2 467
5 187
2 468
1 937
2 469
3 313
2 470
1 941
2 471
23 41
2 472
3 315
2 473
1 947
2 474
13 73
2 475
3 317
2 476
1 953
2 477
5 191
2 478
3 319
2 479
7 137
2 480
31 31
2 481
3 321
2 482
5 193
2 483
1 967
2 484
3 323
2 485
1 971
2 486
7 139
2 487
3 325
2 488
1 977
2 489
11 89
2 490
3 327
2 491
1 983
2 492
5 197
2 493
3 329
2 494
23 43
2 495
1 991
2 496
3 331
2 497
5 199
2 498
1 997
2 499
3 333
2 500
7 143
2 501
17 59
2 502
3 335
2 503
19 53
2 504
1 1009
2 505
3 337
2 506
1 1013
2 507
5 203
2 508
3 339
2 509
1 1019
2 510
1 1021
2 511
3 341
2 512
5 205
2 513
13 79
2 514
3 343
2 515
1 1031
2 516
1 1033
2 517
3 345
2 518
17 61
2 519
1 1039
2 520
3 347
2 521
7 149
2 522
5 209
2 523
3 349
2 524
1 1049
2 525
1 1051
2 526
3 351
2 527
5 211
2 528
7 151
2 529
3 353
2 530
1 1061
2 531
1 1063
2 532
3 355
2 533
11 97
2 534
1 1069
2 535
3 357
2 536
29 37
2 537
5 215
2 538
3 359
2 539
13 83
2 540
23 47
2 541
3 361
2 542
5 217
2 543
1 1087
2 544
3 363
2 545
1 1091
2 546
1 1093
2 547
3 365
2 548
1 1097
2 549
7 157
2 550
3 367
2 551
1 1103
2 552
5 221
2 553
3 369
2 554
1 1109
2 555
11 101
2 556
3 371
2 557
5 223
2 558
1 1117
2 559
3 373
2 560
19 59
2 561
1 1123
2 562
3 375
2 563
7 161
2 564
1 1129
2 565
3 377
2 566
11 103
2 567
5 227
2 568
3 379
2 569
17 67
2 570
7 163
2 571
3 381
2 572
5 229
2 573
31 37
2 574
3 383
2 575
1 1151
2 576
1 1153
2 577
3 385
2 578
13 89
2 579
19 61
2 580
3 387
2 581
1 1163
2 582
5 233
2 583
3 389
2 584
7 167
2 585
1 1171
2 586
3 391
2 587
5 235
2 588
11 107
2 589
3 393
2 590
1 1181
2 591
7 169
2 592
3 395
2 593
1 1187
2 594
29 41
2 595
3 397
2 596
1 1193
2 597
5 239
2 598
3 399
2 599
11 109
2 600
1 1201
2 601
3 401
2 602
5 241
2 603
17 71
2 604
3 403
2 605
7 173
2 606
1 1213
2 607
3 405
2 608
1 1217
2 609
23 53
2 610
3 407
2 611
1 1223
2 612
5 245
2 613
3 409
2 614
1 1229
2 615
1 1231
2 616
3 411
2 617
5 247
2 618
1 1237
2 619
3 413
2 620
17 73
2 621
11 113
2 622
3 415
2 623
29 43
2 624
1 1249
2 625
3 417
2 626
7 179
2 627
5 251
2 628
3 419
2 629
1 1259
2 630
13 97
2 631
3 421
2 632
5 253
2 633
7 181
2 634
3 423
2 635
31 41
2 636
19 67
2 637
3 425
2 638
1 1277
2 639
1 1279
2 640
3 427
2 641
1 1283
2 642
5 257
2 643
3 429
2 644
1 1289
2 645
1 1291
2 646
3 431
2 647
5 259
2 648
1 1297
2 649
3 433
2 650
1 1301
2 651
1 1303
2 652
3 435
2 653
1 1307
2 654
7 187
2 655
3 437
2 656
13 101
2 657
5 263
2 658
3 439
2 659
1 1319
2 660
1 1321
2 661
3 441
2 662
5 265
2 663
1 1327
2 664
3 443
2 665
11 121
2 666
31 43
2 667
3 445
2 668
7 191
2 669
13 103
2 670
3 447
2 671
17 79
2 672
5 269
2 673
3 449
2 674
19 71
2 675
7 193
2 676
3 451
2 677
5 271
2 678
23 59
2 679
3 453
2 680
1 1361
2 681
29 47
2 682
3 455
2 683
1 1367
2 684
37 37
2 685
3 457
2 686
1 1373
2 687
5 275
2 688
3 459
2 689
7 197
2 690
1 1381
2 691
3 461
2 692
5 277
2 693
19 73
2 694
3 463
2 695
13 107
2 696
7 199
2 697
3 465
2 698
11 127
2 699
1 1399
2 700
3 467
2 701
23 61
2 702
5 281
2 703
3 469
2 704
1 1409
2 705
17 83
2 706
3 471
2 707
5 283
2 708
13 109
2 709
3 473
2 710
7 203
2 711
1 1423
2 712
3 475
2 713
1 1427
2 714
1 1429
2 715
3 477
2 716
1 1433
2 717
5 287
2 718
3 479
2 719
1 1439
2 720
11 131
2 721
3 481
2 722
5 289
2 723
1 1447
2 724
3 483
2 725
1 1451
2 726
1 1453
2 727
3 485
2 728
31 47
2 729
1 1459
2 730
3 487
2 731
7 209
2 732
5 293
2 733
3 489
2 734
13 113
2 735
1 1471
2 736
3 491
2 737
5 295
2 738
7 211
2 739
3 493
2 740
1 1481
2 741
1 1483
2 742
3 495
2 743
1 1487
2 744
1 1489
2 745
3 497
2 746
1 1493
2 747
5 299
2 748
3 499
2 749
1 1499
2 750
19 79
2 751
3 501
2 752
5 301
2 753
11 137
2 754
3 503
2 755
1 1511
2 756
17 89
2 757
3 505
2 758
37 41
2 759
7 217
2 760
3 507
2 761
1 1523
2 762
5 305
2 763
3 509
2 764
11 139
2 765
1 1531
2 766
3 511
2 767
5 307
2 768
29 53
2 769
3 513
2 770
23 67
2 771
1 1543
2 772
3 515
2 773
7 221
2 774
1 1549
2 775
3 517
2 776
1 1553
2 777
5 311
2 778
3 519
2 779
1 1559
2 780
7 223
2 781
3 521
2 782
5 313
2 783
1 1567
2 784
3 523
2 785
1 1571
2 786
11 143
2 787
3 525
2 788
19 83
2 789
1 1579
2 790
3 527
2 791
1 1583
2 792
5 317
2 793
3 529
2 794
7 227
2 795
37 43
2 796
3 531
2 797
5 319
2 798
1 1597
2 799
3 533
2 800
1 1601
2 801
7 229
2 802
3 535
2 803
1 1607
2 804
1 1609
2 805
3 537
2 806
1 1613
2 807
5 323
2 808
3 539
2 809
1 1619
2 810
1 1621
2 811
3 541
2 812
5 325
2 813
1 1627
2 814
3 543
2 815
7 233
2 816
23 71
2 817
3 545
2 818
1 1637
2 819
11 149
2 820
3 547
2 821
31 53
2 822
5 329
2 823
3 549
2 824
17 97
2 825
13 127
2 826
3 551
2 827
5 331
2 828
1 1657
2 829
3 553
2 830
11 151
2 831
1 1663
2 832
3 555
2 833
1 1667
2 834
1 1669
2 835
3 557
2 836
7 239
2 837
5 335
2 838
3 559
2 839
23 73
2 840
41 41
2 841
3 561
2 842
5 337
2 843
7 241
2 844
3 563
2 845
19 89
2 846
1 1693
2 847
3 565
2 848
1 1697
2 849
1 1699
2 850
3 567
2 851
13 131
2 852
5 341
2 853
3 569
2 854
1 1709
2 855
29 59
2 856
3 571
2 857
5 343
2 858
17 101
2 859
3 573
2 860
1 1721
2 861
1 1723
2 862
3 575
2 863
11 157
2 864
7 247
2 865
3 577
2 866
1 1733
2 867
5 347
2 868
3 579
2 869
37 47
2 870
1 1741
2 871
3 581
2 872
5 349
2 873
1 1747
2 874
3 583
2 875
17 103
2 876
1 1753
2 877
3 585
2 878
7 251
2 879
1 1759
2 880
3 587
2 881
41 43
2 882
5 353
2 883
3 589
2 884
29 61
2 885
7 253
2 886
3 591
2 887
5 355
2 888
1 1777
2 889
3 593
2 890
13 137
2 891
1 1783
2 892
3 595
2 893
1 1787
2 894
1 1789
2 895
3 597
2 896
11 163
2 897
5 359
2 898
3 599
2 899
7 257
2 900
1 1801
2 901
3 601
2 902
5 361
2 903
13 139
2 904
3 603
2 905
1 1811
2 906
7 259
2 907
3 605
2 908
23 79
2 909
17 107
2 910
3 607
2 911
1 1823
2 912
5 365
2 913
3 609
2 914
31 59
2 915
1 1831
2 916
3 611
2 917
5 367
2 918
11 167
2 919
3 613
2 920
7 263
2 921
19 97
2 922
3 615
2 923
1 1847
2 924
43 43
2 925
3 617
2 926
17 109
2 927
5 371
2 928
3 619
2 929
11 169
2 930
1 1861
2 931
3 621
2 932
5 373
2 933
1 1867
2 934
3 623
2 935
1 1871
2 936
1 1873
2 937
3 625
2 938
1 1877
2 939
1 1879
2 940
3 627
2 941
7 269
2 942
5 377
2 943
3 629
2 944
1 1889
2 945
31 61
2 946
3 631
2 947
5 379
2 948
7 271
2 949
3 633
2 950
1 1901
2 951
11 173
2 952
3 635
2 953
1 1907
2 954
23 83
2 955
3 637
2 956
1 1913
2 957
5 383
2 958
3 639
2 959
19 101
2 960
17 113
2 961
3 641
2 962
5 385
2 963
41 47
2 964
3 643
2 965
1 1931
2 966
1 1933
2 967
3 645
2 968
13 149
2 969
7 277
2 970
3 647
2 971
29 67
2 972
5 389
2 973
3 649
2 974
1 1949
2 975
1 1951
2 976
3 651
2 977
5 391
2 978
19 103
2 979
3 653
2 980
37 53
2 981
13 151
2 982
3 655
2 983
7 281
2 984
11 179
2 985
3 657
2 986
1 1973
2 987
5 395
2 988
3 659
2 989
1 1979
2 990
7 283
2 991
3 661
2 992
5 397
2 993
1 1987
2 994
3 663
2 995
11 181
2 996
1 1993
2 997
3 665
2 998
1 1997
2 999
1 1999
2 1000
3 667
2 1001
1 2003
2 1002
5 401
2 1003
3 669
2 1004
7 287
2 1005
1 2011
2 1006
3 671
2 1007
5 403
2 1008
1 2017
2 1009
3 673
2 1010
43 47
2 1011
7 289
2 1012
3 675
2 1013
1 2027
2 1014
1 2029
2 1015
3 677
2 1016
19 107
2 1017
5 407
2 1018
3 679
2 1019
1 2039
2 1020
13 157
2 1021
3 681
2 1022
5 409
2 1023
23 89
2 1024
3 683
2 1025
7 293
2 1026
1 2053
2 1027
3 685
2 1028
11 187
2 1029
29 71
2 1030
3 687
2 1031
1 2063
2 1032
5 413
2 1033
3 689
2 1034
1 2069
2 1035
19 109
2 1036
3 691
2 1037
5 415
2 1038
31 67
2 1039
3 693
2 1040
1 2081
2 1041
1 2083
2 1042
3 695
2 1043
1 2087
2 1044
1 2089
2 1045
3 697
2 1046
7 299
2 1047
5 419
2 1048
3 699
2 1049
1 2099
2 1050
11 191
2 1051
3 701
2 1052
5 421
2 1053
7 301
2 1054
3 703
2 1055
1 2111
2 1056
1 2113
2 1057
3 705
2 1058
29 73
2 1059
13 163
2 1060
3 707
2 1061
11 193
2 1062
5 425
2 1063
3 709
2 1064
1 2129
2 1065
1 2131
2 1066
3 711
2 1067
5 427
2 1068
1 2137
2 1069
3 713
2 1070
1 2141
2 1071
1 2143
2 1072
3 715
2 1073
19 113
2 1074
7 307
2 1075
3 717
2 1076
1 2153
2 1077
5 431
2 1078
3 719
2 1079
17 127
2 1080
1 2161
2 1081
3 721
2 1082
5 433
2 1083
11 197
2 1084
3 723
2 1085
13 167
2 1086
41 53
2 1087
3 725
2 1088
7 311
2 1089
1 2179
2 1090
3 727
2 1091
37 59
2 1092
5 437
2 1093
3 729
2 1094
11 199
2 1095
7 313
2 1096
3 731
2 1097
5 439
2 1098
13 169
2 1099
3 733
2 1100
31 71
2 1101
1 2203
2 1102
3 735
2 1103
1 2207
2 1104
47 47
2 1105
3 737
2 1106
1 2213
2 1107
5 443
2 1108
3 739
2 1109
7 317
2 1110
1 2221
2 1111
3 741
2 1112
5 445
2 1113
17 131
2 1114
3 743
2 1115
23 97
2 1116
7 319
2 1117
3 745
2 1118
1 2237
2 1119
1 2239
2 1120
3 747
2 1121
1 2243
2 1122
5 449
2 1123
3 749
2 1124
13 173
2 1125
1 2251
2 1126
3 751
2 1127
5 451
2 1128
37 61
2 1129
3 753
2 1130
7 323
2 1131
31 73
2 1132
3 755
2 1133
1 2267
2 1134
1 2269
2 1135
3 757
2 1136
1 2273
2 1137
5 455
2 1138
3 759
2 1139
43 53
2 1140
1 2281
2 1141
3 761
2 1142
5 457
2 1143
1 2287
2 1144
3 763
2 1145
29 79
2 1146
1 2293
2 1147
3 765
2 1148
1 2297
2 1149
11 209
2 1150
3 767
2 1151
7 329
2 1152
5 461
2 1153
3 769
2 1154
1 2309
2 1155
1 2311
2 1156
3 771
2 1157
5 463
2 1158
7 331
2 1159
3 773
2 1160
11 211
2 1161
23 101
2 1162
3 775
2 1163
13 179
2 1164
17 137
2 1165
3 777
2 1166
1 2333
2 1167
5 467
2 1168
3 779
2 1169
1 2339
2 1170
1 2341
2 1171
3 781
2 1172
5 469
2 1173
1 2347
2 1174
3 783
2 1175
1 2351
2 1176
13 181
2 1177
3 785
2 1178
1 2357
2 1179
7 337
2 1180
3 787
2 1181
17 139
2 1182
5 473
2 1183
3 789
2 1184
23 103
2 1185
1 2371
2 1186
3 791
2 1187
5 475
2 1188
1 2377
2 1189
3 793
2 1190
1 2381
2 1191
1 2383
2 1192
3 795
2 1193
7 341
2 1194
1 2389
2 1195
3 797
2 1196
1 2393
2 1197
5 479
2 1198
3 799
2 1199
1 2399
2 1200
7 343
2 1201
3 801
2 1202
5 481
2 1203
29 83
2 1204
3 803
2 1205
1 2411
2 1206
19 127
2 1207
3 805
2 1208
1 2417
2 1209
41 59
2 1210
3 807
2 1211
1 2423
2 1212
5 485
2 1213
3 809
2 1214
7 347
2 1215
11 221
2 1216
3 811
2 1217
5 487
2 1218
1 2437
2 1219
3 813
2 1220
1 2441
2 1221
7 349
2 1222
3 815
2 1223
1 2447
2 1224
31 79
2 1225
3 817
2 1226
11 223
2 1227
5 491
2 1228
3 819
2 1229
1 2459
2 1230
23 107
2 1231
3 821
2 1232
5 493
2 1233
1 2467
2 1234
3 823
2 1235
7 353
2 1236
1 2473
2 1237
3 825
2 1238
1 2477
2 1239
37 67
2 1240
3 827
2 1241
13 191
2 1242
5 497
2 1243
3 829
2 1244
19 131
2 1245
47 53
2 1246
3 831
2 1247
5 499
2 1248
11 227
2 1249
3 833
2 1250
41 61
2 1251
1 2503
2 1252
3 835
2 1253
23 109
2 1254
13 193
2 1255
3 837
2 1256
7 359
2 1257
5 503
2 1258
3 839
2 1259
11 229
2 1260
1 2521
2 1261
3 841
2 1262
5 505
2 1263
7 361
2 1264
3 843
2 1265
1 2531
2 1266
17 149
2 1267
3 845
2 1268
43 59
2 1269
1 2539
2 1270
3 847
2 1271
1 2543
2 1272
5 509
2 1273
3 849
2 1274
1 2549
2 1275
1 2551
2 1276
3 851
2 1277
5 511
2 1278
1 2557
2 1279
3 853
2 1280
13 197
2 1281
11 233
2 1282
3 855
2 1283
17 151
2 1284
7 367
2 1285
3 857
2 1286
31 83
2 1287
5 515
2 1288
3 859
2 1289
1 2579
2 1290
29 89
2 1291
3 861
2 1292
5 517
2 1293
13 199
2 1294
3 863
2 1295
1 2591
2 1296
1 2593
2 1297
3 865
2 1298
7 371
2 1299
23 113
2 1300
3 867
2 1301
19 137
2 1302
5 521
2 1303
3 869
2 1304
1 2609
2 1305
7 373
2 1306
3 871
2 1307
5 523
2 1308
1 2617
2 1309
3 873
2 1310
1 2621
2 1311
43 61
2 1312
3 875
2 1313
37 71
2 1314
11 239
2 1315
3 877
2 1316
1 2633
2 1317
5 527
2 1318
3 879
2 1319
7 377
2 1320
19 139
2 1321
3 881
2 1322
5 529
2 1323
1 2647
2 1324
3 883
2 1325
11 241
2 1326
7 379
2 1327
3 885
2 1328
1 2657
2 1329
1 2659
2 1330
3 887
2 1331
1 2663
2 1332
5 533
2 1333
3 889
2 1334
17 157
2 1335
1 2671
2 1336
3 891
2 1337
5 535
2 1338
1 2677
2 1339
3 893
2 1340
7 383
2 1341
1 2683
2 1342
3 895
2 1343
1 2687
2 1344
1 2689
2 1345
3 897
2 1346
1 2693
2 1347
5 539
2 1348
3 899
2 1349
1 2699
2 1350
37 73
2 1351
3 901
2 1352
5 541
2 1353
1 2707
2 1354
3 903
2 1355
1 2711
2 1356
1 2713
2 1357
3 905
2 1358
11 247
2 1359
1 2719
2 1360
3 907
2 1361
7 389
2 1362
5 545
2 1363
3 909
2 1364
1 2729
2 1365
1 2731
2 1366
3 911
2 1367
5 547
2 1368
7 391
2 1369
3 913
2 1370
1 2741
2 1371
13 211
2 1372
3 915
2 1373
41 67
2 1374
1 2749
2 1375
3 917
2 1376
1 2753
2 1377
5 551
2 1378
3 919
2 1379
31 89
2 1380
11 251
2 1381
3 921
2 1382
5 553
2 1383
1 2767
2 1384
3 923
2 1385
17 163
2 1386
47 59
2 1387
3 925
2 1388
1 2777
2 1389
7 397
2 1390
3 927
2 1391
11 253
2 1392
5 557
2 1393
3 929
2 1394
1 2789
2 1395
1 2791
2 1396
3 931
2 1397
5 559
2 1398
1 2797
2 1399
3 933
2 1400
1 2801
2 1401
1 2803
2 1402
3 935
2 1403
7 401
2 1404
53 53
2 1405
3 937
2 1406
29 97
2 1407
5 563
2 1408
3 939
2 1409
1 2819
2 1410
7 403
2 1411
3 941
2 1412
5 565
2 1413
11 257
2 1414
3 943
2 1415
19 149
2 1416
1 2833
2 1417
3 945
2 1418
1 2837
2 1419
17 167
2 1420
3 947
2 1421
1 2843
2 1422
5 569
2 1423
3 949
2 1424
7 407
2 1425
1 2851
2 1426
3 951
2 1427
5 571
2 1428
1 2857
2 1429
3 953
2 1430
1 2861
2 1431
7 409
2 1432
3 955
2 1433
47 61
2 1434
19 151
2 1435
3 957
2 1436
13 221
2 1437
5 575
2 1438
3 959
2 1439
1 2879
2 1440
43 67
2 1441
3 961
2 1442
5 577
2 1443
1 2887
2 1444
3 963
2 1445
7 413
2 1446
11 263
2 1447
3 965
2 1448
1 2897
2 1449
13 223
2 1450
3 967
2 1451
1 2903
2 1452
5 581
2 1453
3 969
2 1454
1 2909
2 1455
41 71
2 1456
3 971
2 1457
5 583
2 1458
1 2917
2 1459
3 973
2 1460
23 127
2 1461
37 79
2 1462
3 975
2 1463
1 2927
2 1464
29 101
2 1465
3 977
2 1466
7 419
2 1467
5 587
2 1468
3 979
2 1469
1 2939
2 1470
17 173
2 1471
3 981
2 1472
5 589
2 1473
7 421
2 1474
3 983
2 1475
13 227
2 1476
1 2953
2 1477
3 985
2 1478
1 2957
2 1479
11 269
2 1480
3 987
2 1481
1 2963
2 1482
5 593
2 1483
3 989
2 1484
1 2969
2 1485
1 2971
2 1486
3 991
2 1487
5 595
2 1488
13 229
2 1489
3 993
2 1490
11 271
2 1491
19 157
2 1492
3 995
2 1493
29 103
2 1494
7 427
2 1495
3 997
2 1496
41 73
2 1497
5 599
2 1498
3 999
2 1499
1 2999
2 1500
1 3001
2 1501
3 1001
2 1502
5 601
2 1503
31 97
2 1504
3 1003
2 1505
1 3011
2 1506
23 131
2 1507
3 1005
2 1508
7 431
2 1509
1 3019
2 1510
3 1007
2 1511
1 3023
2 1512
5 605
2 1513
3 1009
2 1514
13 233
2 1515
7 433
2 1516
3 1011
2 1517
5 607
2 1518
1 3037
2 1519
3 1013
2 1520
1 3041
2 1521
17 179
2 1522
3 1015
2 1523
11 277
2 1524
1 3049
2 1525
3 1017
2 1526
43 71
2 1527
5 611
2 1528
3 1019
2 1529
7 437
2 1530
1 3061
2 1531
3 1021
2 1532
5 613
2 1533
1 3067
2 1534
3 1023
2 1535
37 83
2 1536
7 439
2 1537
3 1025
2 1538
17 181
2 1539
1 3079
2 1540
3 1027
2 1541
1 3083
2 1542
5 617
2 1543
3 1029
2 1544
1 3089
2 1545
11 281
2 1546
3 1031
2 1547
5 619
2 1548
19 163
2 1549
3 1033
2 1550
7 443
2 1551
29 107
2 1552
3 1035
2 1553
13 239
2 1554
1 3109
2 1555
3 1037
2 1556
11 283
2 1557
5 623
2 1558
3 1039
2 1559
1 3119
2 1560
1 3121
2 1561
3 1041
2 1562
5 625
2 1563
53 59
2 1564
3 1043
2 1565
31 101
2 1566
13 241
2 1567
3 1045
2 1568
1 3137
2 1569
43 73
2 1570
3 1047
2 1571
7 449
2 1572
5 629
2 1573
3 1049
2 1574
47 67
2 1575
23 137
2 1576
3 1051
2 1577
5 631
2 1578
7 451
2 1579
3 1053
2 1580
29 109
2 1581
1 3163
2 1582
3 1055
2 1583
1 3167
2 1584
1 3169
2 1585
3 1057
2 1586
19 167
2 1587
5 635
2 1588
3 1059
2 1589
11 289
2 1590
1 3181
2 1591
3 1061
2 1592
5 637
2 1593
1 3187
2 1594
3 1063
2 1595
1 3191
2 1596
31 103
2 1597
3 1065
2 1598
23 139
2 1599
7 457
2 1600
3 1067
2 1601
1 3203
2 1602
5 641
2 1603
3 1069
2 1604
1 3209
2 1605
13 247
2 1606
3 1071
2 1607
5 643
2 1608
1 3217
2 1609
3 1073
2 1610
1 3221
2 1611
11 293
2 1612
3 1075
2 1613
7 461
2 1614
1 3229
2 1615
3 1077
2 1616
53 61
2 1617
5 647
2 1618
3 1079
2 1619
41 79
2 1620
7 463
2 1621
3 1081
2 1622
5 649
2 1623
17 191
2 1624
3 1083
2 1625
1 3251
2 1626
1 3253
2 1627
3 1085
2 1628
1 3257
2 1629
1 3259
2 1630
3 1087
2 1631
13 251
2 1632
5 653
2 1633
3 1089
2 1634
7 467
2 1635
1 3271
2 1636
3 1091
2 1637
5 655
2 1638
29 113
2 1639
3 1093
2 1640
17 193
2 1641
7 469
2 1642
3 1095
2 1643
19 173
2 1644
11 299
2 1645
3 1097
2 1646
37 89
2 1647
5 659
2 1648
3 1099
2 1649
1 3299
2 1650
1 3301
2 1651
3 1101
2 1652
5 661
2 1653
1 3307
2 1654
3 1103
2 1655
7 473
2 1656
1 3313
2 1657
3 1105
2 1658
31 107
2 1659
1 3319
2 1660
3 1107
2 1661
1 3323
2 1662
5 665
2 1663
3 1109
2 1664
1 3329
2 1665
1 3331
2 1666
3 1111
2 1667
5 667
2 1668
47 71
2 1669
3 1113
2 1670
13 257
2 1671
1 3343
2 1672
3 1115
2 1673
1 3347
2 1674
17 197
2 1675
3 1117
2 1676
7 479
2 1677
5 671
2 1678
3 1119
2 1679
1 3359
2 1680
1 3361
2 1681
3 1121
2 1682
5 673
2 1683
7 481
2 1684
3 1123
2 1685
1 3371
2 1686
1 3373
2 1687
3 1125
2 1688
11 307
2 1689
31 109
2 1690
3 1127
2 1691
17 199
2 1692
5 677
2 1693
3 1129
2 1694
1 3389
2 1695
1 3391
2 1696
3 1131
2 1697
5 679
2 1698
43 79
2 1699
3 1133
2 1700
19 179
2 1701
41 83
2 1702
3 1135
2 1703
1 3407
2 1704
7 487
2 1705
3 1137
2 1706
1 3413
2 1707
5 683
2 1708
3 1139
2 1709
13 263
2 1710
11 311
2 1711
3 1141
2 1712
5 685
2 1713
23 149
2 1714
3 1143
2 1715
47 73
2 1716
1 3433
2 1717
3 1145
2 1718
7 491
2 1719
19 181
2 1720
3 1147
2 1721
11 313
2 1722
5 689
2 1723
3 1149
2 1724
1 3449
2 1725
7 493
2 1726
3 1151
2 1727
5 691
2 1728
1 3457
2 1729
3 1153
2 1730
1 3461
2 1731
1 3463
2 1732
3 1155
2 1733
1 3467
2 1734
1 3469
2 1735
3 1157
2 1736
23 151
2 1737
5 695
2 1738
3 1159
2 1739
7 497
2 1740
59 59
2 1741
3 1161
2 1742
5 697
2 1743
11 317
2 1744
3 1163
2 1745
1 3491
2 1746
7 499
2 1747
3 1165
2 1748
13 269
2 1749
1 3499
2 1750
3 1167
2 1751
31 113
2 1752
5 701
2 1753
3 1169
2 1754
11 319
2 1755
1 3511
2 1756
3 1171
2 1757
5 703
2 1758
1 3517
2 1759
3 1173
2 1760
7 503
2 1761
13 271
2 1762
3 1175
2 1763
1 3527
2 1764
1 3529
2 1765
3 1177
2 1766
1 3533
2 1767
5 707
2 1768
3 1179
2 1769
1 3539
2 1770
1 3541
2 1771
3 1181
2 1772
5 709
2 1773
1 3547
2 1774
3 1183
2 1775
53 67
2 1776
11 323
2 1777
3 1185
2 1778
1 3557
2 1779
1 3559
2 1780
3 1187
2 1781
7 509
2 1782
5 713
2 1783
3 1189
2 1784
43 83
2 1785
1 3571
2 1786
3 1191
2 1787
5 715
2 1788
7 511
2 1789
3 1193
2 1790
1 3581
2 1791
1 3583
2 1792
3 1195
2 1793
17 211
2 1794
37 97
2 1795
3 1197
2 1796
1 3593
2 1797
5 719
2 1798
3 1199
2 1799
59 61
2 1800
13 277
2 1801
3 1201
2 1802
5 721
2 1803
1 3607
2 1804
3 1203
2 1805
23 157
2 1806
1 3613
2 1807
3 1205
2 1808
1 3617
2 1809
7 517
2 1810
3 1207
2 1811
1 3623
2 1812
5 725
2 1813
3 1209
2 1814
19 191
2 1815
1 3631
2 1816
3 1211
2 1817
5 727
2 1818
1 3637
2 1819
3 1213
2 1820
11 331
2 1821
1 3643
2 1822
3 1215
2 1823
7 521
2 1824
41 89
2 1825
3 1217
2 1826
13 281
2 1827
5 731
2 1828
3 1219
2 1829
1 3659
2 1830
7 523
2 1831
3 1221
2 1832
5 733
2 1833
19 193
2 1834
3 1223
2 1835
1 3671
2 1836
1 3673
2 1837
3 1225
2 1838
1 3677
2 1839
13 283
2 1840
3 1227
2 1841
29 127
2 1842
5 737
2 1843
3 1229
2 1844
7 527
2 1845
1 3691
2 1846
3 1231
2 1847
5 739
2 1848
1 3697
2 1849
3 1233
2 1850
1 3701
2 1851
7 529
2 1852
3 1235
2 1853
11 337
2 1854
1 3709
2 1855
3 1237
2 1856
47 79
2 1857
5 743
2 1858
3 1239
2 1859
1 3719
2 1860
61 61
2 1861
3 1241
2 1862
5 745
2 1863
1 3727
2 1864
3 1243
2 1865
7 533
2 1866
1 3733
2 1867
3 1245
2 1868
37 101
2 1869
1 3739
2 1870
3 1247
2 1871
19 197
2 1872
5 749
2 1873
3 1249
2 1874
23 163
2 1875
11 341
2 1876
3 1251
2 1877
5 751
2 1878
13 289
2 1879
3 1253
2 1880
1 3761
2 1881
53 71
2 1882
3 1255
2 1883
1 3767
2 1884
1 3769
2 1885
3 1257
2 1886
7 539
2 1887
5 755
2 1888
3 1259
2 1889
1 3779
2 1890
19 199
2 1891
3 1261
2 1892
5 757
2 1893
7 541
2 1894
3 1263
2 1895
17 223
2 1896
1 3793
2 1897
3 1265
2 1898
1 3797
2 1899
29 131
2 1900
3 1267
2 1901
1 3803
2 1902
5 761
2 1903
3 1269
2 1904
13 293
2 1905
37 103
2 1906
3 1271
2 1907
5 763
2 1908
11 347
2 1909
3 1273
2 1910
1 3821
2 1911
1 3823
2 1912
3 1275
2 1913
43 89
2 1914
7 547
2 1915
3 1277
2 1916
1 3833
2 1917
5 767
2 1918
3 1279
2 1919
11 349
2 1920
23 167
2 1921
3 1281
2 1922
5 769
2 1923
1 3847
2 1924
3 1283
2 1925
1 3851
2 1926
1 3853
2 1927
3 1285
2 1928
7 551
2 1929
17 227
2 1930
3 1287
2 1931
1 3863
2 1932
5 773
2 1933
3 1289
2 1934
53 73
2 1935
7 553
2 1936
3 1291
2 1937
5 775
2 1938
1 3877
2 1939
3 1293
2 1940
1 3881
2 1941
11 353
2 1942
3 1295
2 1943
13 299
2 1944
1 3889
2 1945
3 1297
2 1946
17 229
2 1947
5 779
2 1948
3 1299
2 1949
7 557
2 1950
47 83
2 1951
3 1301
2 1952
5 781
2 1953
1 3907
2 1954
3 1303
2 1955
1 3911
2 1956
7 559
2 1957
3 1305
2 1958
1 3917
2 1959
1 3919
2 1960
3 1307
2 1961
1 3923
2 1962
5 785
2 1963
3 1309
2 1964
1 3929
2 1965
1 3931
2 1966
3 1311
2 1967
5 787
2 1968
31 127
2 1969
3 1313
2 1970
7 563
2 1971
1 3943
2 1972
3 1315
2 1973
1 3947
2 1974
11 359
2 1975
3 1317
2 1976
59 67
2 1977
5 791
2 1978
3 1319
2 1979
37 107
2 1980
17 233
2 1981
3 1321
2 1982
5 793
2 1983
1 3967
2 1984
3 1323
2 1985
11 361
2 1986
29 137
2 1987
3 1325
2 1988
41 97
2 1989
23 173
2 1990
3 1327
2 1991
7 569
2 1992
5 797
2 1993
3 1329
2 1994
1 3989
2 1995
13 307
2 1996
3 1331
2 1997
5 799
2 1998
7 571
2 1999
3 1333
2 2000
1 4001
2 2001
1 4003
2 2002
3 1335
2 2003
1 4007
2 2004
19 211
2 2005
3 1337
2 2006
1 4013
2 2007
5 803
2 2008
3 1339
2 2009
1 4019
2 2010
1 4021
2 2011
3 1341
2 2012
5 805
2 2013
1 4027
2 2014
3 1343
2 2015
29 139
2 2016
37 109
2 2017
3 1345
2 2018
11 367
2 2019
7 577
2 2020
3 1347
2 2021
13 311
2 2022
5 809
2 2023
3 1349
2 2024
1 4049
2 2025
1 4051
2 2026
3 1351
2 2027
5 811
2 2028
1 4057
2 2029
3 1353
2 2030
31 131
2 2031
17 239
2 2032
3 1355
2 2033
7 581
2 2034
13 313
2 2035
3 1357
2 2036
1 4073
2 2037
5 815
2 2038
3 1359
2 2039
1 4079
2 2040
7 583
2 2041
3 1361
2 2042
5 817
2 2043
61 67
2 2044
3 1363
2 2045
1 4091
2 2046
1 4093
2 2047
3 1365
2 2048
17 241
2 2049
1 4099
2 2050
3 1367
2 2051
11 373
2 2052
5 821
2 2053
3 1369
2 2054
7 587
2 2055
1 4111
2 2056
3 1371
2 2057
5 823
2 2058
23 179
2 2059
3 1373
2 2060
13 317
2 2061
7 589
2 2062
3 1375
2 2063
1 4127
2 2064
1 4129
2 2065
3 1377
2 2066
1 4133
2 2067
5 827
2 2068
3 1379
2 2069
1 4139
2 2070
41 101
2 2071
3 1381
2 2072
5 829
2 2073
11 377
2 2074
3 1383
2 2075
7 593
2 2076
1 4153
2 2077
3 1385
2 2078
1 4157
2 2079
1 4159
2 2080
3 1387
2 2081
23 181
2 2082
5 833
2 2083
3 1389
2 2084
11 379
2 2085
43 97
2 2086
3 1391
2 2087
5 835
2 2088
1 4177
2 2089
3 1393
2 2090
37 113
2 2091
47 89
2 2092
3 1395
2 2093
53 79
2 2094
59 71
2 2095
3 1397
2 2096
7 599
2 2097
5 839
2 2098
3 1399
2 2099
13 323
2 2100
1 4201
2 2101
3 1401
2 2102
5 841
2 2103
7 601
2 2104
3 1403
2 2105
1 4211
2 2106
11 383
2 2107
3 1405
2 2108
1 4217
2 2109
1 4219
2 2110
3 1407
2 2111
41 103
2 2112
5 845
2 2113
3 1409
2 2114
1 4229
2 2115
1 4231
2 2116
3 1411
2 2117
5 847
2 2118
19 223
2 2119
3 1413
2 2120
1 4241
2 2121
1 4243
2 2122
3 1415
2 2123
31 137
2 2124
7 607
2 2125
3 1417
2 2126
1 4253
2 2127
5 851
2 2128
3 1419
2 2129
1 4259
2 2130
1 4261
2 2131
3 1421
2 2132
5 853
2 2133
17 251
2 2134
3 1423
2 2135
1 4271
2 2136
1 4273
2 2137
3 1425
2 2138
7 611
2 2139
11 389
2 2140
3 1427
2 2141
1 4283
2 2142
5 857
2 2143
3 1429
2 2144
1 4289
2 2145
7 613
2 2146
3 1431
2 2147
5 859
2 2148
1 4297
2 2149
3 1433
2 2150
11 391
2 2151
13 331
2 2152
3 1435
2 2153
59 73
2 2154
31 139
2 2155
3 1437
2 2156
19 227
2 2157
5 863
2 2158
3 1439
2 2159
7 617
2 2160
29 149
2 2161
3 1441
2 2162
5 865
2 2163
1 4327
2 2164
3 1443
2 2165
61 71
2 2166
7 619
2 2167
3 1445
2 2168
1 4337
2 2169
1 4339
2 2170
3 1447
2 2171
43 101
2 2172
5 869
2 2173
3 1449
2 2174
1 4349
2 2175
19 229
2 2176
3 1451
2 2177
5 871
2 2178
1 4357
2 2179
3 1453
2 2180
7 623
2 2181
1 4363
2 2182
3 1455
2 2183
11 397
2 2184
17 257
2 2185
3 1457
2 2186
1 4373
2 2187
5 875
2 2188
3 1459
2 2189
29 151
2 2190
13 337
2 2191
3 1461
2 2192
5 877
2 2193
41 107
2 2194
3 1463
2 2195
1 4391
2 2196
23 191
2 2197
3 1465
2 2198
1 4397
2 2199
53 83
2 2200
3 1467
2 2201
7 629
2 2202
5 881
2 2203
3 1469
2 2204
1 4409
2 2205
11 401
2 2206
3 1471
2 2207
5 883
2 2208
7 631
2 2209
3 1473
2 2210
1 4421
2 2211
1 4423
2 2212
3 1475
2 2213
19 233
2 2214
43 103
2 2215
3 1477
2 2216
11 403
2 2217
5 887
2 2218
3 1479
2 2219
23 193
2 2220
1 4441
2 2221
3 1481
2 2222
5 889
2 2223
1 4447
2 2224
3 1483
2 2225
1 4451
2 2226
61 73
2 2227
3 1485
2 2228
1 4457
2 2229
7 637
2 2230
3 1487
2 2231
1 4463
2 2232
5 893
2 2233
3 1489
2 2234
41 109
2 2235
17 263
2 2236
3 1491
2 2237
5 895
2 2238
11 407
2 2239
3 1493
2 2240
1 4481
2 2241
1 4483
2 2242
3 1495
2 2243
7 641
2 2244
67 67
2 2245
3 1497
2 2246
1 4493
2 2247
5 899
2 2248
3 1499
2 2249
11 409
2 2250
7 643
2 2251
3 1501
2 2252
5 901
2 2253
1 4507
2 2254
3 1503
2 2255
13 347
2 2256
1 4513
2 2257
3 1505
2 2258
1 4517
2 2259
1 4519
2 2260
3 1507
2 2261
1 4523
2 2262
5 905
2 2263
3 1509
2 2264
7 647
2 2265
23 197
2 2266
3 1511
2 2267
5 907
2 2268
13 349
2 2269
3 1513
2 2270
19 239
2 2271
7 649
2 2272
3 1515
2 2273
1 4547
2 2274
1 4549
2 2275
3 1517
2 2276
29 157
2 2277
5 911
2 2278
3 1519
2 2279
47 97
2 2280
1 4561
2 2281
3 1521
2 2282
5 913
2 2283
1 4567
2 2284
3 1523
2 2285
7 653
2 2286
17 269
2 2287
3 1525
2 2288
23 199
2 2289
19 241
2 2290
3 1527
2 2291
1 4583
2 2292
5 917
2 2293
3 1529
2 2294
13 353
2 2295
1 4591
2 2296
3 1531
2 2297
5 919
2 2298
1 4597
2 2299
3 1533
2 2300
43 107
2 2301
1 4603
2 2302
3 1535
2 2303
17 271
2 2304
11 419
2 2305
3 1537
2 2306
7 659
2 2307
5 923
2 2308
3 1539
2 2309
31 149
2 2310
1 4621
2 2311
3 1541
2 2312
5 925
2 2313
7 661
2 2314
3 1543
2 2315
11 421
2 2316
41 113
2 2317
3 1545
2 2318
1 4637
2 2319
1 4639
2 2320
3 1547
2 2321
1 4643
2 2322
5 929
2 2323
3 1549
2 2324
1 4649
2 2325
1 4651
2 2326
3 1551
2 2327
5 931
2 2328
1 4657
2 2329
3 1553
2 2330
59 79
2 2331
1 4663
2 2332
3 1555
2 2333
13 359
2 2334
7 667
2 2335
3 1557
2 2336
1 4673
2 2337
5 935
2 2338
3 1559
2 2339
1 4679
2 2340
31 151
2 2341
3 1561
2 2342
5 937
2 2343
43 109
2 2344
3 1563
2 2345
1 4691
2 2346
13 361
2 2347
3 1565
2 2348
7 671
2 2349
37 127
2 2350
3 1567
2 2351
1 4703
2 2352
5 941
2 2353
3 1569
2 2354
17 277
2 2355
7 673
2 2356
3 1571
2 2357
5 943
2 2358
53 89
2 2359
3 1573
2 2360
1 4721
2 2361
1 4723
2 2362
3 1575
2 2363
29 163
2 2364
1 4729
2 2365
3 1577
2 2366
1 4733
2 2367
5 947
2 2368
3 1579
2 2369
7 677
2 2370
11 431
2 2371
3 1581
2 2372
5 949
2 2373
47 101
2 2374
3 1583
2 2375
1 4751
2 2376
7 679
2 2377
3 1585
2 2378
67 71
2 2379
1 4759
2 2380
3 1587
2 2381
11 433
2 2382
5 953
2 2383
3 1589
2 2384
19 251
2 2385
13 367
2 2386
3 1591
2 2387
5 955
2 2388
17 281
2 2389
3 1593
2 2390
7 683
2 2391
1 4783
2 2392
3 1595
2 2393
1 4787
2 2394
1 4789
2 2395
3 1597
2 2396
1 4793
2 2397
5 959
2 2398
3 1599
2 2399
1 4799
2 2400
1 4801
2 2401
3 1601
2 2402
5 961
2 2403
11 437
2 2404
3 1603
2 2405
17 283
2 2406
1 4813
2 2407
3 1605
2 2408
1 4817
2 2409
61 79
2 2410
3 1607
2 2411
7 689
2 2412
5 965
2 2413
3 1609
2 2414
11 439
2 2415
1 4831
2 2416
3 1611
2 2417
5 967
2 2418
7 691
2 2419
3 1613
2 2420
47 103
2 2421
29 167
2 2422
3 1615
2 2423
37 131
2 2424
13 373
2 2425
3 1617
2 2426
23 211
2 2427
5 971
2 2428
3 1619
2 2429
43 113
2 2430
1 4861
2 2431
3 1621
2 2432
5 973
2 2433
31 157
2 2434
3 1623
2 2435
1 4871
2 2436
11 443
2 2437
3 1625
2 2438
1 4877
2 2439
7 697
2 2440
3 1627
2 2441
19 257
2 2442
5 977
2 2443
3 1629
2 2444
1 4889
2 2445
67 73
2 2446
3 1631
2 2447
5 979
2 2448
59 83
2 2449
3 1633
2 2450
13 377
2 2451
1 4903
2 2452
3 1635
2 2453
7 701
2 2454
1 4909
2 2455
3 1637
2 2456
17 289
2 2457
5 983
2 2458
3 1639
2 2459
1 4919
2 2460
7 703
2 2461
3 1641
2 2462
5 985
2 2463
13 379
2 2464
3 1643
2 2465
1 4931
2 2466
1 4933
2 2467
3 1645
2 2468
1 4937
2 2469
11 449
2 2470
3 1647
2 2471
1 4943
2 2472
5 989
2 2473
3 1649
2 2474
7 707
2 2475
1 4951
2 2476
3 1651
2 2477
5 991
2 2478
1 4957
2 2479
3 1653
2 2480
11 451
2 2481
7 709
2 2482
3 1655
2 2483
1 4967
2 2484
1 4969
2 2485
3 1657
2 2486
1 4973
2 2487
5 995
2 2488
3 1659
2 2489
13 383
2 2490
17 293
2 2491
3 1661
2 2492
5 997
2 2493
1 4987
2 2494
3 1663
2 2495
7 713
2 2496
1 4993
2 2497
3 1665
2 2498
19 263
2 2499
1 4999
2 2500
3 1667
2 2501
1 5003
2 2502
5 1001
2 2503
3 1669
2 2504
1 5009
2 2505
1 5011
2 2506
3 1671
2 2507
5 1003
2 2508
29 173
2 2509
3 1673
2 2510
1 5021
2 2511
1 5023
2 2512
3 1675
2 2513
11 457
2 2514
47 107
2 2515
3 1677
2 2516
7 719
2 2517
5 1007
2 2518
3 1679
2 2519
1 5039
2 2520
71 71
2 2521
3 1681
2 2522
5 1009
2 2523
7 721
2 2524
3 1683
2 2525
1 5051
2 2526
31 163
2 2527
3 1685
2 2528
13 389
2 2529
1 5059
2 2530
3 1687
2 2531
61 83
2 2532
5 1013
2 2533
3 1689
2 2534
37 137
2 2535
11 461
2 2536
3 1691
2 2537
5 1015
2 2538
1 5077
2 2539
3 1693
2 2540
1 5081
2 2541
13 391
2 2542
3 1695
2 2543
1 5087
2 2544
7 727
2 2545
3 1697
2 2546
11 463
2 2547
5 1019
2 2548
3 1699
2 2549
1 5099
2 2550
1 5101
2 2551
3 1701
2 2552
5 1021
2 2553
1 5107
2 2554
3 1703
2 2555
19 269
2 2556
1 5113
2 2557
3 1705
2 2558
7 731
2 2559
1 5119
2 2560
3 1707
2 2561
47 109
2 2562
5 1025
2 2563
3 1709
2 2564
23 223
2 2565
7 733
2 2566
3 1711
2 2567
5 1027
2 2568
11 467
2 2569
3 1713
2 2570
53 97
2 2571
37 139
2 2572
3 1715
2 2573
1 5147
2 2574
19 271
2 2575
3 1717
2 2576
1 5153
2 2577
5 1031
2 2578
3 1719
2 2579
7 737
2 2580
13 397
2 2581
3 1721
2 2582
5 1033
2 2583
1 5167
2 2584
3 1723
2 2585
1 5171
2 2586
7 739
2 2587
3 1725
2 2588
31 167
2 2589
1 5179
2 2590
3 1727
2 2591
71 73
2 2592
5 1037
2 2593
3 1729
2 2594
1 5189
2 2595
29 179
2 2596
3 1731
2 2597
5 1039
2 2598
1 5197
2 2599
3 1733
2 2600
7 743
2 2601
11 473
2 2602
3 1735
2 2603
41 127
2 2604
1 5209
2 2605
3 1737
2 2606
13 401
2 2607
5 1043
2 2608
3 1739
2 2609
17 307
2 2610
23 227
2 2611
3 1741
2 2612
5 1045
2 2613
1 5227
2 2614
3 1743
2 2615
1 5231
2 2616
1 5233
2 2617
3 1745
2 2618
1 5237
2 2619
13 403
2 2620
3 1747
2 2621
7 749
2 2622
5 1049
2 2623
3 1749
2 2624
29 181
2 2625
59 89
2 2626
3 1751
2 2627
5 1051
2 2628
7 751
2 2629
3 1753
2 2630
1 5261
2 2631
19 277
2 2632
3 1755
2 2633
23 229
2 2634
11 479
2 2635
3 1757
2 2636
1 5273
2 2637
5 1055
2 2638
3 1759
2 2639
1 5279
2 2640
1 5281
2 2641
3 1761
2 2642
5 1057
2 2643
17 311
2 2644
3 1763
2 2645
11 481
2 2646
67 79
2 2647
3 1765
2 2648
1 5297
2 2649
7 757
2 2650
3 1767
2 2651
1 5303
2 2652
5 1061
2 2653
3 1769
2 2654
1 5309
2 2655
47 113
2 2656
3 1771
2 2657
5 1063
2 2658
13 409
2 2659
3 1773
2 2660
17 313
2 2661
1 5323
2 2662
3 1775
2 2663
7 761
2 2664
73 73
2 2665
3 1777
2 2666
1 5333
2 2667
5 1067
2 2668
3 1779
2 2669
19 281
2 2670
7 763
2 2671
3 1781
2 2672
5 1069
2 2673
1 5347
2 2674
3 1783
2 2675
1 5351
2 2676
53 101
2 2677
3 1785
2 2678
11 487
2 2679
23 233
2 2680
3 1787
2 2681
31 173
2 2682
5 1073
2 2683
3 1789
2 2684
7 767
2 2685
41 131
2 2686
3 1791
2 2687
5 1075
2 2688
19 283
2 2689
3 1793
2 2690
1 5381
2 2691
7 769
2 2692
3 1795
2 2693
1 5387
2 2694
17 317
2 2695
3 1797
2 2696
1 5393
2 2697
5 1079
2 2698
3 1799
2 2699
1 5399
2 2700
11 491
2 2701
3 1801
2 2702
5 1081
2 2703
1 5407
2 2704
3 1803
2 2705
7 773
2 2706
1 5413
2 2707
3 1805
2 2708
1 5417
2 2709
1 5419
2 2710
3 1807
2 2711
11 493
2 2712
5 1085
2 2713
3 1809
2 2714
61 89
2 2715
1 5431
2 2716
3 1811
2 2717
5 1087
2 2718
1 5437
2 2719
3 1813
2 2720
1 5441
2 2721
1 5443
2 2722
3 1815
2 2723
13 419
2 2724
1 5449
2 2725
3 1817
2 2726
7 779
2 2727
5 1091
2 2728
3 1819
2 2729
53 103
2 2730
43 127
2 2731
3 1821
2 2732
5 1093
2 2733
7 781
2 2734
3 1823
2 2735
1 5471
2 2736
13 421
2 2737
3 1825
2 2738
1 5477
2 2739
1 5479
2 2740
3 1827
2 2741
1 5483
2 2742
5 1097
2 2743
3 1829
2 2744
11 499
2 2745
17 323
2 2746
3 1831
2 2747
5 1099
2 2748
23 239
2 2749
3 1833
2 2750
1 5501
2 2751
1 5503
2 2752
3 1835
2 2753
1 5507
2 2754
7 787
2 2755
3 1837
2 2756
37 149
2 2757
5 1103
2 2758
3 1839
2 2759
1 5519
2 2760
1 5521
2 2761
3 1841
2 2762
5 1105
2 2763
1 5527
2 2764
3 1843
2 2765
1 5531
2 2766
11 503
2 2767
3 1845
2 2768
7 791
2 2769
29 191
2 2770
3 1847
2 2771
23 241
2 2772
5 1109
2 2773
3 1849
2 2774
31 179
2 2775
7 793
2 2776
3 1851
2 2777
5 1111
2 2778
1 5557
2 2779
3 1853
2 2780
67 83
2 2781
1 5563
2 2782
3 1855
2 2783
19 293
2 2784
1 5569
2 2785
3 1857
2 2786
1 5573
2 2787
5 1115
2 2788
3 1859
2 2789
7 797
2 2790
1 5581
2 2791
3 1861
2 2792
5 1117
2 2793
37 151
2 2794
3 1863
2 2795
1 5591
2 2796
7 799
2 2797
3 1865
2 2798
29 193
2 2799
11 509
2 2800
3 1867
2 2801
13 431
2 2802
5 1121
2 2803
3 1869
2 2804
71 79
2 2805
31 181
2 2806
3 1871
2 2807
5 1123
2 2808
41 137
2 2809
3 1873
2 2810
7 803
2 2811
1 5623
2 2812
3 1875
2 2813
17 331
2 2814
13 433
2 2815
3 1877
2 2816
43 131
2 2817
5 1127
2 2818
3 1879
2 2819
1 5639
2 2820
1 5641
2 2821
3 1881
2 2822
5 1129
2 2823
1 5647
2 2824
3 1883
2 2825
1 5651
2 2826
1 5653
2 2827
3 1885
2 2828
1 5657
2 2829
1 5659
2 2830
3 1887
2 2831
7 809
2 2832
5 1133
2 2833
3 1889
2 2834
1 5669
2 2835
53 107
2 2836
3 1891
2 2837
5 1135
2 2838
7 811
2 2839
3 1893
2 2840
13 437
2 2841
1 5683
2 2842
3 1895
2 2843
11 517
2 2844
1 5689
2 2845
3 1897
2 2846
1 5693
2 2847
5 1139
2 2848
3 1899
2 2849
41 139
2 2850
1 5701
2 2851
3 1901
2 2852
5 1141
2 2853
13 439
2 2854
3 1903
2 2855
1 5711
2 2856
29 197
2 2857
3 1905
2 2858
1 5717
2 2859
7 817
2 2860
3 1907
2 2861
59 97
2 2862
5 1145
2 2863
3 1909
2 2864
17 337
2 2865
11 521
2 2866
3 1911
2 2867
5 1147
2 2868
1 5737
2 2869
3 1913
2 2870
1 5741
2 2871
1 5743
2 2872
3 1915
2 2873
7 821
2 2874
1 5749
2 2875
3 1917
2 2876
11 523
2 2877
5 1151
2 2878
3 1919
2 2879
13 443
2 2880
7 823
2 2881
3 1921
2 2882
5 1153
2 2883
73 79
2 2884
3 1923
2 2885
29 199
2 2886
23 251
2 2887
3 1925
2 2888
53 109
2 2889
1 5779
2 2890
3 1927
2 2891
1 5783
2 2892
5 1157
2 2893
3 1929
2 2894
7 827
2 2895
1 5791
2 2896
3 1931
2 2897
5 1159
2 2898
11 527
2 2899
3 1933
2 2900
1 5801
2 2901
7 829
2 2902
3 1935
2 2903
1 5807
2 2904
37 157
2 2905
3 1937
2 2906
1 5813
2 2907
5 1163
2 2908
3 1939
2 2909
11 529
2 2910
1 5821
2 2911
3 1941
2 2912
5 1165
2 2913
1 5827
2 2914
3 1943
2 2915
7 833
2 2916
19 307
2 2917
3 1945
2 2918
13 449
2 2919
1 5839
2 2920
3 1947
2 2921
1 5843
2 2922
5 1169
2 2923
3 1949
2 2924
1 5849
2 2925
1 5851
2 2926
3 1951
2 2927
5 1171
2 2928
1 5857
2 2929
3 1953
2 2930
1 5861
2 2931
11 533
2 2932
3 1955
2 2933
1 5867
2 2934
1 5869
2 2935
3 1957
2 2936
7 839
2 2937
5 1175
2 2938
3 1959
2 2939
1 5879
2 2940
1 5881
2 2941
3 1961
2 2942
5 1177
2 2943
7 841
2 2944
3 1963
2 2945
43 137
2 2946
71 83
2 2947
3 1965
2 2948
1 5897
2 2949
17 347
2 2950
3 1967
2 2951
1 5903
2 2952
5 1181
2 2953
3 1969
2 2954
19 311
2 2955
23 257
2 2956
3 1971
2 2957
5 1183
2 2958
61 97
2 2959
3 1973
2 2960
31 191
2 2961
1 5923
2 2962
3 1975
2 2963
1 5927
2 2964
7 847
2 2965
3 1977
2 2966
17 349
2 2967
5 1187
2 2968
3 1979
2 2969
1 5939
2 2970
13 457
2 2971
3 1981
2 2972
5 1189
2 2973
19 313
2 2974
3 1983
2 2975
11 541
2 2976
1 5953
2 2977
3 1985
2 2978
7 851
2 2979
59 101
2 2980
3 1987
2 2981
67 89
2 2982
5 1193
2 2983
3 1989
2 2984
47 127
2 2985
7 853
2 2986
3 1991
2 2987
5 1195
2 2988
43 139
2 2989
3 1993
2 2990
1 5981
2 2991
31 193
2 2992
3 1995
2 2993
1 5987
2 2994
53 113
2 2995
3 1997
2 2996
13 461
2 2997
5 1199
2 2998
3 1999
2 2999
7 857
2 3000
17 353
2 3001
3 2001
2 3002
5 1201
2 3003
1 6007
2 3004
3 2003
2 3005
1 6011
2 3006
7 859
2 3007
3 2005
2 3008
11 547
2 3009
13 463
2 3010
3 2007
2 3011
19 317
2 3012
5 1205
2 3013
3 2009
2 3014
1 6029
2 3015
37 163
2 3016
3 2011
2 3017
5 1207
2 3018
1 6037
2 3019
3 2013
2 3020
7 863
2 3021
1 6043
2 3022
3 2015
2 3023
1 6047
2 3024
23 263
2 3025
3 2017
2 3026
1 6053
2 3027
5 1211
2 3028
3 2019
2 3029
73 83
2 3030
11 551
2 3031
3 2021
2 3032
5 1213
2 3033
1 6067
2 3034
3 2023
2 3035
13 467
2 3036
1 6073
2 3037
3 2025
2 3038
59 103
2 3039
1 6079
2 3040
3 2027
2 3041
7 869
2 3042
5 1217
2 3043
3 2029
2 3044
1 6089
2 3045
1 6091
2 3046
3 2031
2 3047
5 1219
2 3048
7 871
2 3049
3 2033
2 3050
1 6101
2 3051
17 359
2 3052
3 2035
2 3053
31 197
2 3054
41 149
2 3055
3 2037
2 3056
1 6113
2 3057
5 1223
2 3058
3 2039
2 3059
29 211
2 3060
1 6121
2 3061
3 2041
2 3062
5 1225
2 3063
11 557
2 3064
3 2043
2 3065
1 6131
2 3066
1 6133
2 3067
3 2045
2 3068
17 361
2 3069
7 877
2 3070
3 2047
2 3071
1 6143
2 3072
5 1229
2 3073
3 2049
2 3074
11 559
2 3075
1 6151
2 3076
3 2051
2 3077
5 1231
2 3078
47 131
2 3079
3 2053
2 3080
61 101
2 3081
1 6163
2 3082
3 2055
2 3083
7 881
2 3084
31 199
2 3085
3 2057
2 3086
1 6173
2 3087
5 1235
2 3088
3 2059
2 3089
37 167
2 3090
7 883
2 3091
3 2061
2 3092
5 1237
2 3093
23 269
2 3094
3 2063
2 3095
41 151
2 3096
11 563
2 3097
3 2065
2 3098
1 6197
2 3099
1 6199
2 3100
3 2067
2 3101
1 6203
2 3102
5 1241
2 3103
3 2069
2 3104
7 887
2 3105
1 6211
2 3106
3 2071
2 3107
5 1243
2 3108
1 6217
2 3109
3 2073
2 3110
1 6221
2 3111
7 889
2 3112
3 2075
2 3113
13 479
2 3114
1 6229
2 3115
3 2077
2 3116
23 271
2 3117
5 1247
2 3118
3 2079
2 3119
17 367
2 3120
79 79
2 3121
3 2081
2 3122
5 1249
2 3123
1 6247
2 3124
3 2083
2 3125
7 893
2 3126
13 481
2 3127
3 2085
2 3128
1 6257
2 3129
11 569
2 3130
3 2087
2 3131
1 6263
2 3132
5 1253
2 3133
3 2089
2 3134
1 6269
2 3135
1 6271
2 3136
3 2091
2 3137
5 1255
2 3138
1 6277
2 3139
3 2093
2 3140
11 571
2 3141
61 103
2 3142
3 2095
2 3143
1 6287
2 3144
19 331
2 3145
3 2097
2 3146
7 899
2 3147
5 1259
2 3148
3 2099
2 3149
1 6299
2 3150
1 6301
2 3151
3 2101
2 3152
5 1261
2 3153
7 901
2 3154
3 2103
2 3155
1 6311
2 3156
59 107
2 3157
3 2105
2 3158
1 6317
2 3159
71 89
2 3160
3 2107
2 3161
1 6323
2 3162
5 1265
2 3163
3 2109
2 3164
1 6329
2 3165
13 487
2 3166
3 2111
2 3167
5 1267
2 3168
1 6337
2 3169
3 2113
2 3170
17 373
2 3171
1 6343
2 3172
3 2115
2 3173
11 577
2 3174
7 907
2 3175
3 2117
2 3176
1 6353
2 3177
5 1271
2 3178
3 2119
2 3179
1 6359
2 3180
1 6361
2 3181
3 2121
2 3182
5 1273
2 3183
1 6367
2 3184
3 2123
2 3185
23 277
2 3186
1 6373
2 3187
3 2125
2 3188
7 911
2 3189
1 6379
2 3190
3 2127
2 3191
13 491
2 3192
5 1277
2 3193
3 2129
2 3194
1 6389
2 3195
7 913
2 3196
3 2131
2 3197
5 1279
2 3198
1 6397
2 3199
3 2133
2 3200
37 173
2 3201
19 337
2 3202
3 2135
2 3203
43 149
2 3204
13 493
2 3205
3 2137
2 3206
11 583
2 3207
5 1283
2 3208
3 2139
2 3209
7 917
2 3210
1 6421
2 3211
3 2141
2 3212
5 1285
2 3213
1 6427
2 3214
3 2143
2 3215
59 109
2 3216
7 919
2 3217
3 2145
2 3218
41 157
2 3219
47 137
2 3220
3 2147
2 3221
17 379
2 3222
5 1289
2 3223
3 2149
2 3224
1 6449
2 3225
1 6451
2 3226
3 2151
2 3227
5 1291
2 3228
11 587
2 3229
3 2153
2 3230
7 923
2 3231
23 281
2 3232
3 2155
2 3233
29 223
2 3234
1 6469
2 3235
3 2157
2 3236
1 6473
2 3237
5 1295
2 3238
3 2159
2 3239
11 589
2 3240
1 6481
2 3241
3 2161
2 3242
5 1297
2 3243
13 499
2 3244
3 2163
2 3245
1 6491
2 3246
43 151
2 3247
3 2165
2 3248
73 89
2 3249
67 97
2 3250
3 2167
2 3251
7 929
2 3252
5 1301
2 3253
3 2169
2 3254
23 283
2 3255
17 383
2 3256
3 2171
2 3257
5 1303
2 3258
7 931
2 3259
3 2173
2 3260
1 6521
2 3261
11 593
2 3262
3 2175
2 3263
61 107
2 3264
1 6529
2 3265
3 2177
2 3266
47 139
2 3267
5 1307
2 3268
3 2179
2 3269
13 503
2 3270
31 211
2 3271
3 2181
2 3272
5 1309
2 3273
1 6547
2 3274
3 2183
2 3275
1 6551
2 3276
1 6553
2 3277
3 2185
2 3278
79 83
2 3279
7 937
2 3280
3 2187
2 3281
1 6563
2 3282
5 1313
2 3283
3 2189
2 3284
1 6569
2 3285
1 6571
2 3286
3 2191
2 3287
5 1315
2 3288
1 6577
2 3289
3 2193
2 3290
1 6581
2 3291
29 227
2 3292
3 2195
2 3293
7 941
2 3294
11 599
2 3295
3 2197
2 3296
19 347
2 3297
5 1319
2 3298
3 2199
2 3299
1 6599
2 3300
7 943
2 3301
3 2201
2 3302
5 1321
2 3303
1 6607
2 3304
3 2203
2 3305
11 601
2 3306
17 389
2 3307
3 2205
2 3308
13 509
2 3309
1 6619
2 3310
3 2207
2 3311
37 179
2 3312
5 1325
2 3313
3 2209
2 3314
7 947
2 3315
19 349
2 3316
3 2211
2 3317
5 1327
2 3318
1 6637
2 3319
3 2213
2 3320
29 229
2 3321
7 949
2 3322
3 2215
2 3323
17 391
2 3324
61 109
2 3325
3 2217
2 3326
1 6653
2 3327
5 1331
2 3328
3 2219
2 3329
1 6659
2 3330
1 6661
2 3331
3 2221
2 3332
5 1333
2 3333
59 113
2 3334
3 2223
2 3335
7 953
2 3336
1 6673
2 3337
3 2225
2 3338
11 607
2 3339
1 6679
2 3340
3 2227
2 3341
41 163
2 3342
5 1337
2 3343
3 2229
2 3344
1 6689
2 3345
1 6691
2 3346
3 2231
2 3347
5 1339
2 3348
37 181
2 3349
3 2233
2 3350
1 6701
2 3351
1 6703
2 3352
3 2235
2 3353
19 353
2 3354
1 6709
2 3355
3 2237
2 3356
7 959
2 3357
5 1343
2 3358
3 2239
2 3359
1 6719
2 3360
11 611
2 3361
3 2241
2 3362
5 1345
2 3363
7 961
2 3364
3 2243
2 3365
53 127
2 3366
1 6733
2 3367
3 2245
2 3368
1 6737
2 3369
23 293
2 3370
3 2247
2 3371
11 613
2 3372
5 1349
2 3373
3 2249
2 3374
17 397
2 3375
43 157
2 3376
3 2251
2 3377
5 1351
2 3378
29 233
2 3379
3 2253
2 3380
1 6761
2 3381
1 6763
2 3382
3 2255
2 3383
67 101
2 3384
7 967
2 3385
3 2257
2 3386
13 521
2 3387
5 1355
2 3388
3 2259
2 3389
1 6779
2 3390
1 6781
2 3391
3 2261
2 3392
5 1357
2 3393
11 617
2 3394
3 2263
2 3395
1 6791
2 3396
1 6793
2 3397
3 2265
2 3398
7 971
2 3399
13 523
2 3400
3 2267
2 3401
1 6803
2 3402
5 1361
2 3403
3 2269
2 3404
11 619
2 3405
7 973
2 3406
3 2271
2 3407
5 1363
2 3408
17 401
2 3409
3 2273
2 3410
19 359
2 3411
1 6823
2 3412
3 2275
2 3413
1 6827
2 3414
1 6829
2 3415
3 2277
2 3416
1 6833
2 3417
5 1367
2 3418
3 2279
2 3419
7 977
2 3420
1 6841
2 3421
3 2281
2 3422
5 1369
2 3423
41 167
2 3424
3 2283
2 3425
13 527
2 3426
7 979
2 3427
3 2285
2 3428
1 6857
2 3429
19 361
2 3430
3 2287
2 3431
1 6863
2 3432
5 1373
2 3433
3 2289
2 3434
1 6869
2 3435
1 6871
2 3436
3 2291
2 3437
5 1375
2 3438
13 529
2 3439
3 2293
2 3440
7 983
2 3441
1 6883
2 3442
3 2295
2 3443
71 97
2 3444
83 83
2 3445
3 2297
2 3446
61 113
2 3447
5 1379
2 3448
3 2299
2 3449
1 6899
2 3450
67 103
2 3451
3 2301
2 3452
5 1381
2 3453
1 6907
2 3454
3 2303
2 3455
1 6911
2 3456
31 223
2 3457
3 2305
2 3458
1 6917
2 3459
11 629
2 3460
3 2307
2 3461
7 989
2 3462
5 1385
2 3463
3 2309
2 3464
13 533
2 3465
29 239
2 3466
3 2311
2 3467
5 1387
2 3468
7 991
2 3469
3 2313
2 3470
11 631
2 3471
53 131
2 3472
3 2315
2 3473
1 6947
2 3474
1 6949
2 3475
3 2317
2 3476
17 409
2 3477
5 1391
2 3478
3 2319
2 3479
1 6959
2 3480
1 6961
2 3481
3 2321
2 3482
5 1393
2 3483
1 6967
2 3484
3 2323
2 3485
1 6971
2 3486
19 367
2 3487
3 2325
2 3488
1 6977
2 3489
7 997
2 3490
3 2327
2 3491
1 6983
2 3492
5 1397
2 3493
3 2329
2 3494
29 241
2 3495
1 6991
2 3496
3 2331
2 3497
5 1399
2 3498
1 6997
2 3499
3 2333
2 3500
1 7001
2 3501
47 149
2 3502
3 2335
2 3503
7 1001
2 3504
43 163
2 3505
3 2337
2 3506
1 7013
2 3507
5 1403
2 3508
3 2339
2 3509
1 7019
2 3510
7 1003
2 3511
3 2341
2 3512
5 1405
2 3513
1 7027
2 3514
3 2343
2 3515
79 89
2 3516
13 541
2 3517
3 2345
2 3518
31 227
2 3519
1 7039
2 3520
3 2347
2 3521
1 7043
2 3522
5 1409
2 3523
3 2349
2 3524
7 1007
2 3525
11 641
2 3526
3 2351
2 3527
5 1411
2 3528
1 7057
2 3529
3 2353
2 3530
23 307
2 3531
7 1009
2 3532
3 2355
2 3533
37 191
2 3534
1 7069
2 3535
3 2357
2 3536
11 643
2 3537
5 1415
2 3538
3 2359
2 3539
1 7079
2 3540
73 97
2 3541
3 2361
2 3542
5 1417
2 3543
19 373
2 3544
3 2363
2 3545
7 1013
2 3546
41 173
2 3547
3 2365
2 3548
47 151
2 3549
31 229
2 3550
3 2367
2 3551
1 7103
2 3552
5 1421
2 3553
3 2369
2 3554
1 7109
2 3555
13 547
2 3556
3 2371
2 3557
5 1423
2 3558
11 647
2 3559
3 2373
2 3560
1 7121
2 3561
17 419
2 3562
3 2375
2 3563
1 7127
2 3564
1 7129
2 3565
3 2377
2 3566
7 1019
2 3567
5 1427
2 3568
3 2379
2 3569
11 649
2 3570
37 193
2 3571
3 2381
2 3572
5 1429
2 3573
7 1021
2 3574
3 2383
2 3575
1 7151
2 3576
23 311
2 3577
3 2385
2 3578
17 421
2 3579
1 7159
2 3580
3 2387
2 3581
13 551
2 3582
5 1433
2 3583
3 2389
2 3584
67 107
2 3585
71 101
2 3586
3 2391
2 3587
5 1435
2 3588
1 7177
2 3589
3 2393
2 3590
43 167
2 3591
11 653
2 3592
3 2395
2 3593
1 7187
2 3594
7 1027
2 3595
3 2397
2 3596
1 7193
2 3597
5 1439
2 3598
3 2399
2 3599
23 313
2 3600
19 379
2 3601
3 2401
2 3602
5 1441
2 3603
1 7207
2 3604
3 2403
2 3605
1 7211
2 3606
1 7213
2 3607
3 2405
2 3608
7 1031
2 3609
1 7219
2 3610
3 2407
2 3611
31 233
2 3612
5 1445
2 3613
3 2409
2 3614
1 7229
2 3615
7 1033
2 3616
3 2411
2 3617
5 1447
2 3618
1 7237
2 3619
3 2413
2 3620
13 557
2 3621
1 7243
2 3622
3 2415
2 3623
1 7247
2 3624
11 659
2 3625
3 2417
2 3626
1 7253
2 3627
5 1451
2 3628
3 2419
2 3629
7 1037
2 3630
53 137
2 3631
3 2421
2 3632
5 1453
2 3633
13 559
2 3634
3 2423
2 3635
11 661
2 3636
7 1039
2 3637
3 2425
2 3638
19 383
2 3639
29 251
2 3640
3 2427
2 3641
1 7283
2 3642
5 1457
2 3643
3 2429
2 3644
37 197
2 3645
23 317
2 3646
3 2431
2 3647
5 1459
2 3648
1 7297
2 3649
3 2433
2 3650
7 1043
2 3651
67 109
2 3652
3 2435
2 3653
1 7307
2 3654
1 7309
2 3655
3 2437
2 3656
71 103
2 3657
5 1463
2 3658
3 2439
2 3659
13 563
2 3660
1 7321
2 3661
3 2441
2 3662
5 1465
2 3663
17 431
2 3664
3 2443
2 3665
1 7331
2 3666
1 7333
2 3667
3 2445
2 3668
11 667
2 3669
41 179
2 3670
3 2447
2 3671
7 1049
2 3672
5 1469
2 3673
3 2449
2 3674
1 7349
2 3675
1 7351
2 3676
3 2451
2 3677
5 1471
2 3678
7 1051
2 3679
3 2453
2 3680
17 433
2 3681
37 199
2 3682
3 2455
2 3683
53 139
2 3684
1 7369
2 3685
3 2457
2 3686
73 101
2 3687
5 1475
2 3688
3 2459
2 3689
47 157
2 3690
11 671
2 3691
3 2461
2 3692
5 1477
2 3693
83 89
2 3694
3 2463
2 3695
19 389
2 3696
1 7393
2 3697
3 2465
2 3698
13 569
2 3699
7 1057
2 3700
3 2467
2 3701
11 673
2 3702
5 1481
2 3703
3 2469
2 3704
31 239
2 3705
1 7411
2 3706
3 2471
2 3707
5 1483
2 3708
1 7417
2 3709
3 2473
2 3710
41 181
2 3711
13 571
2 3712
3 2475
2 3713
7 1061
2 3714
17 437
2 3715
3 2477
2 3716
1 7433
2 3717
5 1487
2 3718
3 2479
2 3719
43 173
2 3720
7 1063
2 3721
3 2481
2 3722
5 1489
2 3723
11 677
2 3724
3 2483
2 3725
1 7451
2 3726
29 257
2 3727
3 2485
2 3728
1 7457
2 3729
1 7459
2 3730
3 2487
2 3731
17 439
2 3732
5 1493
2 3733
3 2489
2 3734
7 1067
2 3735
31 241
2 3736
3 2491
2 3737
5 1495
2 3738
1 7477
2 3739
3 2493
2 3740
1 7481
2 3741
7 1069
2 3742
3 2495
2 3743
1 7487
2 3744
1 7489
2 3745
3 2497
2 3746
59 127
2 3747
5 1499
2 3748
3 2499
2 3749
1 7499
2 3750
13 577
2 3751
3 2501
2 3752
5 1501
2 3753
1 7507
2 3754
3 2503
2 3755
7 1073
2 3756
11 683
2 3757
3 2505
2 3758
1 7517
2 3759
73 103
2 3760
3 2507
2 3761
1 7523
2 3762
5 1505
2 3763
3 2509
2 3764
1 7529
2 3765
17 443
2 3766
3 2511
2 3767
5 1507
2 3768
1 7537
2 3769
3 2513
2 3770
1 7541
2 3771
19 397
2 3772
3 2515
2 3773
1 7547
2 3774
1 7549
2 3775
3 2517
2 3776
7 1079
2 3777
5 1511
2 3778
3 2519
2 3779
1 7559
2 3780
1 7561
2 3781
3 2521
2 3782
5 1513
2 3783
7 1081
2 3784
3 2523
2 3785
67 113
2 3786
1 7573
2 3787
3 2525
2 3788
1 7577
2 3789
11 689
2 3790
3 2527
2 3791
1 7583
2 3792
5 1517
2 3793
3 2529
2 3794
1 7589
2 3795
1 7591
2 3796
3 2531
2 3797
5 1519
2 3798
71 107
2 3799
3 2533
2 3800
11 691
2 3801
1 7603
2 3802
3 2535
2 3803
1 7607
2 3804
7 1087
2 3805
3 2537
2 3806
23 331
2 3807
5 1523
2 3808
3 2539
2 3809
19 401
2 3810
1 7621
2 3811
3 2541
2 3812
5 1525
2 3813
29 263
2 3814
3 2543
2 3815
13 587
2 3816
17 449
2 3817
3 2545
2 3818
7 1091
2 3819
1 7639
2 3820
3 2547
2 3821
1 7643
2 3822
5 1529
2 3823
3 2549
2 3824
1 7649
2 3825
7 1093
2 3826
3 2551
2 3827
5 1531
2 3828
13 589
2 3829
3 2553
2 3830
47 163
2 3831
79 97
2 3832
3 2555
2 3833
11 697
2 3834
1 7669
2 3835
3 2557
2 3836
1 7673
2 3837
5 1535
2 3838
3 2559
2 3839
7 1097
2 3840
1 7681
2 3841
3 2561
2 3842
5 1537
2 3843
1 7687
2 3844
3 2563
2 3845
1 7691
2 3846
7 1099
2 3847
3 2565
2 3848
43 179
2 3849
1 7699
2 3850
3 2567
2 3851
1 7703
2 3852
5 1541
2 3853
3 2569
2 3854
13 593
2 3855
11 701
2 3856
3 2571
2 3857
5 1543
2 3858
1 7717
2 3859
3 2573
2 3860
7 1103
2 3861
1 7723
2 3862
3 2575
2 3863
1 7727
2 3864
59 131
2 3865
3 2577
2 3866
11 703
2 3867
5 1547
2 3868
3 2579
2 3869
71 109
2 3870
1 7741
2 3871
3 2581
2 3872
5 1549
2 3873
61 127
2 3874
3 2583
2 3875
23 337
2 3876
1 7753
2 3877
3 2585
2 3878
1 7757
2 3879
1 7759
2 3880
3 2587
2 3881
7 1109
2 3882
5 1553
2 3883
3 2589
2 3884
17 457
2 3885
19 409
2 3886
3 2591
2 3887
5 1555
2 3888
7 1111
2 3889
3 2593
2 3890
31 251
2 3891
43 181
2 3892
3 2595
2 3893
13 599
2 3894
1 7789
2 3895
3 2597
2 3896
1 7793
2 3897
5 1559
2 3898
3 2599
2 3899
11 709
2 3900
29 269
2 3901
3 2601
2 3902
5 1561
2 3903
37 211
2 3904
3 2603
2 3905
73 107
2 3906
13 601
2 3907
3 2605
2 3908
1 7817
2 3909
7 1117
2 3910
3 2607
2 3911
1 7823
2 3912
5 1565
2 3913
3 2609
2 3914
1 7829
2 3915
41 191
2 3916
3 2611
2 3917
5 1567
2 3918
17 461
2 3919
3 2613
2 3920
1 7841
2 3921
11 713
2 3922
3 2615
2 3923
7 1121
2 3924
47 167
2 3925
3 2617
2 3926
1 7853
2 3927
5 1571
2 3928
3 2619
2 3929
29 271
2 3930
7 1123
2 3931
3 2621
2 3932
5 1573
2 3933
1 7867
2 3934
3 2623
2 3935
17 463
2 3936
1 7873
2 3937
3 2625
2 3938
1 7877
2 3939
1 7879
2 3940
3 2627
2 3941
1 7883
2 3942
5 1577
2 3943
3 2629
2 3944
7 1127
2 3945
13 607
2 3946
3 2631
2 3947
5 1579
2 3948
53 149
2 3949
3 2633
2 3950
1 7901
2 3951
7 1129
2 3952
3 2635
2 3953
1 7907
2 3954
11 719
2 3955
3 2637
2 3956
41 193
2 3957
5 1583
2 3958
3 2639
2 3959
1 7919
2 3960
89 89
2 3961
3 2641
2 3962
5 1585
2 3963
1 7927
2 3964
3 2643
2 3965
7 1133
2 3966
1 7933
2 3967
3 2645
2 3968
1 7937
2 3969
17 467
2 3970
3 2647
2 3971
13 611
2 3972
5 1589
2 3973
3 2649
2 3974
1 7949
2 3975
1 7951
2 3976
3 2651
2 3977
5 1591
2 3978
73 109
2 3979
3 2653
2 3980
19 419
2 3981
1 7963
2 3982
3 2655
2 3983
31 257
2 3984
13 613
2 3985
3 2657
2 3986
7 1139
2 3987
5 1595
2 3988
3 2659
2 3989
79 101
2 3990
23 347
2 3991
3 2661
2 3992
5 1597
2 3993
7 1141
2 3994
3 2663
2 3995
61 131
2 3996
1 7993
2 3997
3 2665
2 3998
11 727
2 3999
19 421
2 4000
3 2667
2 4001
53 151
2 4002
5 1601
2 4003
3 2669
2 4004
1 8009
2 4005
1 8011
2 4006
3 2671
2 4007
5 1603
2 4008
1 8017
2 4009
3 2673
2 4010
13 617
2 4011
71 113
2 4012
3 2675
2 4013
23 349
2 4014
7 1147
2 4015
3 2677
2 4016
29 277
2 4017
5 1607
2 4018
3 2679
2 4019
1 8039
2 4020
11 731
2 4021
3 2681
2 4022
5 1609
2 4023
13 619
2 4024
3 2683
2 4025
83 97
2 4026
1 8053
2 4027
3 2685
2 4028
7 1151
2 4029
1 8059
2 4030
3 2687
2 4031
11 733
2 4032
5 1613
2 4033
3 2689
2 4034
1 8069
2 4035
7 1153
2 4036
3 2691
2 4037
5 1615
2 4038
41 197
2 4039
3 2693
2 4040
1 8081
2 4041
59 137
2 4042
3 2695
2 4043
1 8087
2 4044
1 8089
2 4045
3 2697
2 4046
1 8093
2 4047
5 1619
2 4048
3 2699
2 4049
7 1157
2 4050
1 8101
2 4051
3 2701
2 4052
5 1621
2 4053
11 737
2 4054
3 2703
2 4055
1 8111
2 4056
7 1159
2 4057
3 2705
2 4058
1 8117
2 4059
23 353
2 4060
3 2707
2 4061
1 8123
2 4062
5 1625
2 4063
3 2709
2 4064
11 739
2 4065
47 173
2 4066
3 2711
2 4067
5 1627
2 4068
79 103
2 4069
3 2713
2 4070
7 1163
2 4071
17 479
2 4072
3 2715
2 4073
1 8147
2 4074
29 281
2 4075
3 2717
2 4076
31 263
2 4077
5 1631
2 4078
3 2719
2 4079
41 199
2 4080
1 8161
2 4081
3 2721
2 4082
5 1633
2 4083
1 8167
2 4084
3 2723
2 4085
1 8171
2 4086
11 743
2 4087
3 2725
2 4088
13 629
2 4089
1 8179
2 4090
3 2727
2 4091
7 1169
2 4092
5 1637
2 4093
3 2729
2 4094
19 431
2 4095
1 8191
2 4096
3 2731
2 4097
5 1639
2 4098
7 1171
2 4099
3 2733
2 4100
59 139
2 4101
13 631
2 4102
3 2735
2 4103
29 283
2 4104
1 8209
2 4105
3 2737
2 4106
43 191
2 4107
5 1643
2 4108
3 2739
2 4109
1 8219
2 4110
1 8221
2 4111
3 2741
2 4112
5 1645
2 4113
19 433
2 4114
3 2743
2 4115
1 8231
2 4116
1 8233
2 4117
3 2745
2 4118
1 8237
2 4119
7 1177
2 4120
3 2747
2 4121
1 8243
2 4122
5 1649
2 4123
3 2749
2 4124
73 113
2 4125
37 223
2 4126
3 2751
2 4127
5 1651
2 4128
23 359
2 4129
3 2753
2 4130
11 751
2 4131
1 8263
2 4132
3 2755
2 4133
7 1181
2 4134
1 8269
2 4135
3 2757
2 4136
1 8273
2 4137
5 1655
2 4138
3 2759
2 4139
17 487
2 4140
7 1183
2 4141
3 2761
2 4142
5 1657
2 4143
1 8287
2 4144
3 2763
2 4145
1 8291
2 4146
1 8293
2 4147
3 2765
2 4148
1 8297
2 4149
43 193
2 4150
3 2767
2 4151
19 437
2 4152
5 1661
2 4153
3 2769
2 4154
7 1187
2 4155
1 8311
2 4156
3 2771
2 4157
5 1663
2 4158
1 8317
2 4159
3 2773
2 4160
53 157
2 4161
7 1189
2 4162
3 2775
2 4163
11 757
2 4164
1 8329
2 4165
3 2777
2 4166
13 641
2 4167
5 1667
2 4168
3 2779
2 4169
31 269
2 4170
19 439
2 4171
3 2781
2 4172
5 1669
2 4173
17 491
2 4174
3 2783
2 4175
7 1193
2 4176
1 8353
2 4177
3 2785
2 4178
61 137
2 4179
13 643
2 4180
3 2787
2 4181
1 8363
2 4182
5 1673
2 4183
3 2789
2 4184
1 8369
2 4185
11 761
2 4186
3 2791
2 4187
5 1675
2 4188
1 8377
2 4189
3 2793
2 4190
17 493
2 4191
83 101
2 4192
3 2795
2 4193
1 8387
2 4194
1 8389
2 4195
3 2797
2 4196
7 1199
2 4197
5 1679
2 4198
3 2799
2 4199
37 227
2 4200
31 271
2 4201
3 2801
2 4202
5 1681
2 4203
7 1201
2 4204
3 2803
2 4205
13 647
2 4206
47 179
2 4207
3 2805
2 4208
19 443
2 4209
1 8419
2 4210
3 2807
2 4211
1 8423
2 4212
5 1685
2 4213
3 2809
2 4214
1 8429
2 4215
1 8431
2 4216
3 2811
2 4217
5 1687
2 4218
11 767
2 4219
3 2813
2 4220
23 367
2 4221
1 8443
2 4222
3 2815
2 4223
1 8447
2 4224
7 1207
2 4225
3 2817
2 4226
79 107
2 4227
5 1691
2 4228
3 2819
2 4229
11 769
2 4230
1 8461
2 4231
3 2821
2 4232
5 1693
2 4233
1 8467
2 4234
3 2823
2 4235
43 197
2 4236
37 229
2 4237
3 2825
2 4238
7 1211
2 4239
61 139
2 4240
3 2827
2 4241
17 499
2 4242
5 1697
2 4243
3 2829
2 4244
13 653
2 4245
7 1213
2 4246
3 2831
2 4247
5 1699
2 4248
29 293
2 4249
3 2833
2 4250
1 8501
2 4251
11 773
2 4252
3 2835
2 4253
47 181
2 4254
67 127
2 4255
3 2837
2 4256
1 8513
2 4257
5 1703
2 4258
3 2839
2 4259
7 1217
2 4260
1 8521
2 4261
3 2841
2 4262
5 1705
2 4263
1 8527
2 4264
3 2843
2 4265
19 449
2 4266
7 1219
2 4267
3 2845
2 4268
1 8537
2 4269
1 8539
2 4270
3 2847
2 4271
1 8543
2 4272
5 1709
2 4273
3 2849
2 4274
83 103
2 4275
17 503
2 4276
3 2851
2 4277
5 1711
2 4278
43 199
2 4279
3 2853
2 4280
7 1223
2 4281
1 8563
2 4282
3 2855
2 4283
13 659
2 4284
11 779
2 4285
3 2857
2 4286
1 8573
2 4287
5 1715
2 4288
3 2859
2 4289
23 373
2 4290
1 8581
2 4291
3 2861
2 4292
5 1717
2 4293
31 277
2 4294
3 2863
2 4295
11 781
2 4296
13 661
2 4297
3 2865
2 4298
1 8597
2 4299
1 8599
2 4300
3 2867
2 4301
7 1229
2 4302
5 1721
2 4303
3 2869
2 4304
1 8609
2 4305
79 109
2 4306
3 2871
2 4307
5 1723
2 4308
7 1231
2 4309
3 2873
2 4310
37 233
2 4311
1 8623
2 4312
3 2875
2 4313
1 8627
2 4314
1 8629
2 4315
3 2877
2 4316
89 97
2 4317
5 1727
2 4318
3 2879
2 4319
53 163
2 4320
1 8641
2 4321
3 2881
2 4322
5 1729
2 4323
1 8647
2 4324
3 2883
2 4325
41 211
2 4326
17 509
2 4327
3 2885
2 4328
11 787
2 4329
7 1237
2 4330
3 2887
2 4331
1 8663
2 4332
5 1733
2 4333
3 2889
2 4334
1 8669
2 4335
13 667
2 4336
3 2891
2 4337
5 1735
2 4338
1 8677
2 4339
3 2893
2 4340
1 8681
2 4341
19 457
2 4342
3 2895
2 4343
7 1241
2 4344
1 8689
2 4345
3 2897
2 4346
1 8693
2 4347
5 1739
2 4348
3 2899
2 4349
1 8699
2 4350
7 1243
2 4351
3 2901
2 4352
5 1741
2 4353
1 8707
2 4354
3 2903
2 4355
31 281
2 4356
1 8713
2 4357
3 2905
2 4358
23 379
2 4359
1 8719
2 4360
3 2907
2 4361
11 793
2 4362
5 1745
2 4363
3 2909
2 4364
7 1247
2 4365
1 8731
2 4366
3 2911
2 4367
5 1747
2 4368
1 8737
2 4369
3 2913
2 4370
1 8741
2 4371
7 1249
2 4372
3 2915
2 4373
1 8747
2 4374
13 673
2 4375
3 2917
2 4376
1 8753
2 4377
5 1751
2 4378
3 2919
2 4379
19 461
2 4380
1 8761
2 4381
3 2921
2 4382
5 1753
2 4383
11 797
2 4384
3 2923
2 4385
7 1253
2 4386
31 283
2 4387
3 2925
2 4388
67 131
2 4389
1 8779
2 4390
3 2927
2 4391
1 8783
2 4392
5 1757
2 4393
3 2929
2 4394
11 799
2 4395
59 149
2 4396
3 2931
2 4397
5 1759
2 4398
19 463
2 4399
3 2933
2 4400
13 677
2 4401
1 8803
2 4402
3 2935
2 4403
1 8807
2 4404
23 383
2 4405
3 2937
2 4406
7 1259
2 4407
5 1763
2 4408
3 2939
2 4409
1 8819
2 4410
1 8821
2 4411
3 2941
2 4412
5 1765
2 4413
7 1261
2 4414
3 2943
2 4415
1 8831
2 4416
11 803
2 4417
3 2945
2 4418
1 8837
2 4419
1 8839
2 4420
3 2947
2 4421
37 239
2 4422
5 1769
2 4423
3 2949
2 4424
1 8849
2 4425
53 167
2 4426
3 2951
2 4427
5 1771
2 4428
17 521
2 4429
3 2953
2 4430
1 8861
2 4431
1 8863
2 4432
3 2955
2 4433
1 8867
2 4434
7 1267
2 4435
3 2957
2 4436
19 467
2 4437
5 1775
2 4438
3 2959
2 4439
13 683
2 4440
83 107
2 4441
3 2961
2 4442
5 1777
2 4443
1 8887
2 4444
3 2963
2 4445
17 523
2 4446
1 8893
2 4447
3 2965
2 4448
7 1271
2 4449
11 809
2 4450
3 2967
2 4451
29 307
2 4452
5 1781
2 4453
3 2969
2 4454
59 151
2 4455
7 1273
2 4456
3 2971
2 4457
5 1783
2 4458
37 241
2 4459
3 2973
2 4460
11 811
2 4461
1 8923
2 4462
3 2975
2 4463
79 113
2 4464
1 8929
2 4465
3 2977
2 4466
1 8933
2 4467
5 1787
2 4468
3 2979
2 4469
7 1277
2 4470
1 8941
2 4471
3 2981
2 4472
5 1789
2 4473
23 389
2 4474
3 2983
2 4475
1 8951
2 4476
7 1279
2 4477
3 2985
2 4478
13 689
2 4479
17 527
2 4480
3 2987
2 4481
1 8963
2 4482
5 1793
2 4483
3 2989
2 4484
1 8969
2 4485
1 8971
2 4486
3 2991
2 4487
5 1795
2 4488
47 191
2 4489
3 2993
2 4490
7 1283
2 4491
13 691
2 4492
3 2995
2 4493
11 817
2 4494
89 101
2 4495
3 2997
2 4496
17 529
2 4497
5 1799
2 4498
3 2999
2 4499
1 8999
2 4500
1 9001
2 4501
3 3001
2 4502
5 1801
2 4503
1 9007
2 4504
3 3003
2 4505
1 9011
2 4506
1 9013
2 4507
3 3005
2 4508
71 127
2 4509
29 311
2 4510
3 3007
2 4511
7 1289
2 4512
5 1805
2 4513
3 3009
2 4514
1 9029
2 4515
11 821
2 4516
3 3011
2 4517
5 1807
2 4518
7 1291
2 4519
3 3013
2 4520
1 9041
2 4521
1 9043
2 4522
3 3015
2 4523
83 109
2 4524
1 9049
2 4525
3 3017
2 4526
11 823
2 4527
5 1811
2 4528
3 3019
2 4529
1 9059
2 4530
13 697
2 4531
3 3021
2 4532
5 1813
2 4533
1 9067
2 4534
3 3023
2 4535
47 193
2 4536
43 211
2 4537
3 3025
2 4538
29 313
2 4539
7 1297
2 4540
3 3027
2 4541
31 293
2 4542
5 1817
2 4543
3 3029
2 4544
61 149
2 4545
1 9091
2 4546
3 3031
2 4547
5 1819
2 4548
11 827
2 4549
3 3033
2 4550
19 479
2 4551
1 9103
2 4552
3 3035
2 4553
7 1301
2 4554
1 9109
2 4555
3 3037
2 4556
13 701
2 4557
5 1823
2 4558
3 3039
2 4559
11 829
2 4560
7 1303
2 4561
3 3041
2 4562
5 1825
2 4563
1 9127
2 4564
3 3043
2 4565
23 397
2 4566
1 9133
2 4567
3 3045
2 4568
1 9137
2 4569
13 703
2 4570
3 3047
2 4571
41 223
2 4572
5 1829
2 4573
3 3049
2 4574
7 1307
2 4575
1 9151
2 4576
3 3051
2 4577
5 1831
2 4578
1 9157
2 4579
3 3053
2 4580
1 9161
2 4581
7 1309
2 4582
3 3055
2 4583
89 103
2 4584
53 173
2 4585
3 3057
2 4586
1 9173
2 4587
5 1835
2 4588
3 3059
2 4589
67 137
2 4590
1 9181
2 4591
3 3061
2 4592
5 1837
2 4593
1 9187
2 4594
3 3063
2 4595
7 1313
2 4596
29 317
2 4597
3 3065
2 4598
17 541
2 4599
1 9199
2 4600
3 3067
2 4601
1 9203
2 4602
5 1841
2 4603
3 3069
2 4604
1 9209
2 4605
61 151
2 4606
3 3071
2 4607
5 1843
2 4608
13 709
2 4609
3 3073
2 4610
1 9221
2 4611
23 401
2 4612
3 3075
2 4613
1 9227
2 4614
11 839
2 4615
3 3077
2 4616
7 1319
2 4617
5 1847
2 4618
3 3079
2 4619
1 9239
2 4620
1 9241
2 4621
3 3081
2 4622
5 1849
2 4623
7 1321
2 4624
3 3083
2 4625
11 841
2 4626
19 487
2 4627
3 3085
2 4628
1 9257
2 4629
47 197
2 4630
3 3087
2 4631
59 157
2 4632
5 1853
2 4633
3 3089
2 4634
13 713
2 4635
73 127
2 4636
3 3091
2 4637
5 1855
2 4638
1 9277
2 4639
3 3093
2 4640
1 9281
2 4641
1 9283
2 4642
3 3095
2 4643
37 251
2 4644
7 1327
2 4645
3 3097
2 4646
1 9293
2 4647
5 1859
2 4648
3 3099
2 4649
17 547
2 4650
71 131
2 4651
3 3101
2 4652
5 1861
2 4653
41 227
2 4654
3 3103
2 4655
1 9311
2 4656
67 139
2 4657
3 3105
2 4658
7 1331
2 4659
1 9319
2 4660
3 3107
2 4661
1 9323
2 4662
5 1865
2 4663
3 3109
2 4664
19 491
2 4665
7 1333
2 4666
3 3111
2 4667
5 1867
2 4668
1 9337
2 4669
3 3113
2 4670
1 9341
2 4671
1 9343
2 4672
3 3115
2 4673
13 719
2 4674
1 9349
2 4675
3 3117
2 4676
47 199
2 4677
5 1871
2 4678
3 3119
2 4679
7 1337
2 4680
11 851
2 4681
3 3121
2 4682
5 1873
2 4683
17 551
2 4684
3 3123
2 4685
1 9371
2 4686
7 1339
2 4687
3 3125
2 4688
1 9377
2 4689
83 113
2 4690
3 3127
2 4691
11 853
2 4692
5 1877
2 4693
3 3129
2 4694
41 229
2 4695
1 9391
2 4696
3 3131
2 4697
5 1879
2 4698
1 9397
2 4699
3 3133
2 4700
7 1343
2 4701
1 9403
2 4702
3 3135
2 4703
23 409
2 4704
97 97
2 4705
3 3137
2 4706
1 9413
2 4707
5 1883
2 4708
3 3139
2 4709
1 9419
2 4710
1 9421
2 4711
3 3141
2 4712
5 1885
2 4713
11 857
2 4714
3 3143
2 4715
1 9431
2 4716
1 9433
2 4717
3 3145
2 4718
1 9437
2 4719
1 9439
2 4720
3 3147
2 4721
7 1349
2 4722
5 1889
2 4723
3 3149
2 4724
11 859
2 4725
13 727
2 4726
3 3151
2 4727
5 1891
2 4728
7 1351
2 4729
3 3153
2 4730
1 9461
2 4731
1 9463
2 4732
3 3155
2 4733
1 9467
2 4734
17 557
2 4735
3 3157
2 4736
1 9473
2 4737
5 1895
2 4738
3 3159
2 4739
1 9479
2 4740
19 499
2 4741
3 3161
2 4742
5 1897
2 4743
53 179
2 4744
3 3163
2 4745
1 9491
2 4746
11 863
2 4747
3 3165
2 4748
1 9497
2 4749
7 1357
2 4750
3 3167
2 4751
13 731
2 4752
5 1901
2 4753
3 3169
2 4754
37 257
2 4755
1 9511
2 4756
3 3171
2 4757
5 1903
2 4758
31 307
2 4759
3 3173
2 4760
1 9521
2 4761
89 107
2 4762
3 3175
2 4763
7 1361
2 4764
13 733
2 4765
3 3177
2 4766
1 9533
2 4767
5 1907
2 4768
3 3179
2 4769
1 9539
2 4770
7 1363
2 4771
3 3181
2 4772
5 1909
2 4773
1 9547
2 4774
3 3183
2 4775
1 9551
2 4776
41 233
2 4777
3 3185
2 4778
19 503
2 4779
11 869
2 4780
3 3187
2 4781
73 131
2 4782
5 1913
2 4783
3 3189
2 4784
7 1367
2 4785
17 563
2 4786
3 3191
2 4787
5 1915
2 4788
61 157
2 4789
3 3193
2 4790
11 871
2 4791
7 1369
2 4792
3 3195
2 4793
1 9587
2 4794
43 223
2 4795
3 3197
2 4796
53 181
2 4797
5 1919
2 4798
3 3199
2 4799
29 331
2 4800
1 9601
2 4801
3 3201
2 4802
5 1921
2 4803
13 739
2 4804
3 3203
2 4805
7 1373
2 4806
1 9613
2 4807
3 3205
2 4808
59 163
2 4809
1 9619
2 4810
3 3207
2 4811
1 9623
2 4812
5 1925
2 4813
3 3209
2 4814
1 9629
2 4815
1 9631
2 4816
3 3211
2 4817
5 1927
2 4818
23 419
2 4819
3 3213
2 4820
31 311
2 4821
1 9643
2 4822
3 3215
2 4823
11 877
2 4824
1 9649
2 4825
3 3217
2 4826
7 1379
2 4827
5 1931
2 4828
3 3219
2 4829
13 743
2 4830
1 9661
2 4831
3 3221
2 4832
5 1933
2 4833
7 1381
2 4834
3 3223
2 4835
19 509
2 4836
17 569
2 4837
3 3225
2 4838
1 9677
2 4839
1 9679
2 4840
3 3227
2 4841
23 421
2 4842
5 1937
2 4843
3 3229
2 4844
1 9689
2 4845
11 881
2 4846
3 3231
2 4847
5 1939
2 4848
1 9697
2 4849
3 3233
2 4850
89 109
2 4851
31 313
2 4852
3 3235
2 4853
17 571
2 4854
7 1387
2 4855
3 3237
2 4856
11 883
2 4857
5 1943
2 4858
3 3239
2 4859
1 9719
2 4860
1 9721
2 4861
3 3241
2 4862
5 1945
2 4863
71 137
2 4864
3 3243
2 4865
37 263
2 4866
1 9733
2 4867
3 3245
2 4868
7 1391
2 4869
1 9739
2 4870
3 3247
2 4871
1 9743
2 4872
5 1949
2 4873
3 3249
2 4874
1 9749
2 4875
7 1393
2 4876
3 3251
2 4877
5 1951
2 4878
11 887
2 4879
3 3253
2 4880
43 227
2 4881
13 751
2 4882
3 3255
2 4883
1 9767
2 4884
1 9769
2 4885
3 3257
2 4886
29 337
2 4887
5 1955
2 4888
3 3259
2 4889
7 1397
2 4890
1 9781
2 4891
3 3261
2 4892
5 1957
2 4893
1 9787
2 4894
3 3263
2 4895
1 9791
2 4896
7 1399
2 4897
3 3265
2 4898
97 101
2 4899
41 239
2 4900
3 3267
2 4901
1 9803
2 4902
5 1961
2 4903
3 3269
2 4904
17 577
2 4905
1 9811
2 4906
3 3271
2 4907
5 1963
2 4908
1 9817
2 4909
3 3273
2 4910
7 1403
2 4911
11 893
2 4912
3 3275
2 4913
31 317
2 4914
1 9829
2 4915
3 3277
2 4916
1 9833
2 4917
5 1967
2 4918
3 3279
2 4919
1 9839
2 4920
13 757
2 4921
3 3281
2 4922
5 1969
2 4923
43 229
2 4924
3 3283
2 4925
1 9851
2 4926
59 167
2 4927
3 3285
2 4928
1 9857
2 4929
1 9859
2 4930
3 3287
2 4931
7 1409
2 4932
5 1973
2 4933
3 3289
2 4934
71 139
2 4935
1 9871
2 4936
3 3291
2 4937
5 1975
2 4938
7 1411
2 4939
3 3293
2 4940
41 241
2 4941
1 9883
2 4942
3 3295
2 4943
1 9887
2 4944
11 899
2 4945
3 3297
2 4946
13 761
2 4947
5 1979
2 4948
3 3299
2 4949
19 521
2 4950
1 9901
2 4951
3 3301
2 4952
5 1981
2 4953
1 9907
2 4954
3 3303
2 4955
11 901
2 4956
23 431
2 4957
3 3305
2 4958
47 211
2 4959
7 1417
2 4960
3 3307
2 4961
1 9923
2 4962
5 1985
2 4963
3 3309
2 4964
1 9929
2 4965
1 9931
2 4966
3 3311
2 4967
5 1987
2 4968
19 523
2 4969
3 3313
2 4970
1 9941
2 4971
61 163
2 4972
3 3315
2 4973
7 1421
2 4974
1 9949
2 4975
3 3317
2 4976
37 269
2 4977
5 1991
2 4978
3 3319
2 4979
23 433
2 4980
7 1423
2 4981
3 3321
2 4982
5 1993
2 4983
1 9967
2 4984
3 3323
2 4985
13 767
2 4986
1 9973
2 4987
3 3325
2 4988
11 907
2 4989
17 587
2 4990
3 3327
2 4991
67 149
2 4992
5 1997
2 4993
3 3329
2 4994
7 1427
2 4995
97 103
2 4996
3 3331
2 4997
5 1999
2 4998
13 769
2 4999
3 3333
